1.499998380192997502e+03,1.519873324131603003e+05,1.119004949642649488e-01,8.880989361219436828e-01,1.506664051466448429e-08,1.958153484847176831e-08,1.731497228478862430e-08,2.566470399166803813e-08,4.899997364098365364e-07,1.286203244074182075e-09,0.000000000000000000e+00
1.499996790494791185e+03,1.519871708124366705e+05,1.119004433485529387e-01,8.880982606383147626e-01,3.450963921997700748e-08,6.225535931616512186e-08,5.220805618677971631e-08,1.578173402743913788e-07,9.840810042890147857e-07,5.141732914153518416e-09,0.000000000000000000e+00
1.499995303137878864e+03,1.519870190783915168e+05,1.119003638185225857e-01,8.880973925408500724e-01,6.184027902617233485e-08,1.251699116525467941e-07,1.029943740396737750e-07,4.573753933974157362e-07,1.484685505975076366e-06,1.157516325117763157e-08,0.000000000000000000e+00
1.499993966514605745e+03,1.519868819030713348e+05,1.119002442915595918e-01,8.880962520241476588e-01,1.005842187948902269e-07,2.148503946352304742e-07,1.752815389003365842e-07,9.968050419484669437e-07,1.995552759527994866e-06,2.061033911601365863e-08,0.000000000000000000e+00
1.499992845921503431e+03,1.519867656004378805e+05,1.119000679971071111e-01,8.880947251326994918e-01,1.555342711055659796e-07,3.421531726341963269e-07,2.778793175060364960e-07,1.877001331314475007e-06,2.522007544532023089e-06,3.229455596420186284e-08,0.000000000000000000e+00
1.499992033432555900e+03,1.519866790709297638e+05,1.118998112293552172e-01,8.880926502934713973e-01,2.334491813477609798e-07,5.227090486375822277e-07,4.233963628480686348e-07,3.240637029917768148e-06,3.071577324831330929e-06,4.670822564160364733e-08,0.000000000000000000e+00
1.499991659522383088e+03,1.519866349266685720e+05,1.118994404120481206e-01,8.880897985961693220e-01,3.438989824416446881e-07,7.787007196022644789e-07,6.297168887156539457e-07,5.289803184274626143e-06,3.654893554837078677e-06,6.397845265191908392e-08,0.000000000000000000e+00
1.499991909203905607e+03,1.519866510519454314e+05,1.118989079780158685e-01,8.880858457612176293e-01,5.004404586408865356e-07,1.141559616442501072e-06,9.221840791076649712e-07,8.310813043868355411e-06,4.286965387367597590e-06,8.429818114307028337e-08,0.000000000000000000e+00
1.499993044892813714e+03,1.519867528141117946e+05,1.118981465364919520e-01,8.880803324129687981e-01,7.222791343023485842e-07,1.655814747122337302e-06,1.336709196444166242e-06,1.270932380511740668e-05,4.988970448165298859e-06,1.079532080775446362e-07,0.000000000000000000e+00
1.499995438896107544e+03,1.519869762054576713e+05,1.118970606098028953e-01,8.880726078065126483e-01,1.036623258721986996e-06,2.384549584610170005e-06,1.924181504271715429e-06,1.906010463597144073e-05,5.790764468826049362e-06,1.353602321632978774e-07,0.000000000000000000e+00
1.499999619643613414e+03,1.519873723149596190e+05,1.118955149234412416e-01,8.880617501147459736e-01,1.482018976787100042e-06,3.417134197011323697e-06,2.756722891806410871e-06,2.817758070204686113e-05,6.734384663653136315e-06,1.671203817544190887e-07,0.000000000000000000e+00
1.500006337583268305e+03,1.519880137035764637e+05,1.118933178098293763e-01,8.880464535165976114e-01,2.113075987411455963e-06,4.880180843615702693e-06,3.936562144101507193e-06,4.121584765537039219e-05,7.878912600466546630e-06,2.040943423768815370e-07,0.000000000000000000e+00
1.500016659305203802e+03,1.519890035136868537e+05,1.118901976848093588e-01,8.880248682795389703e-01,3.007163350985687177e-06,6.953066404552344330e-06,5.608632388851330088e-06,5.981049811264947365e-05,9.307167945418672812e-06,2.475074495484540798e-07,0.000000000000000000e+00
1.500032102408536730e+03,1.519904885275021079e+05,1.118857696946577440e-01,8.879943742602119938e-01,4.273898605708912986e-06,9.889929133644229195e-06,7.978469944094579867e-06,8.627983965861241991e-05,1.113481174358073132e-05,2.990960448473731049e-07,0.000000000000000000e+00
1.500054829535671843e+03,1.519926779655887804e+05,1.118794884124274525e-01,8.879512601353291013e-01,6.068596960843702198e-06,1.405084292470219843e-05,1.133767323790154047e-05,1.239105270922535222e-04,1.352250211987214353e-05,3.613099079851239652e-07,0.000000000000000000e+00
1.500087929038465518e+03,1.519958706999812566e+05,1.118705807221084259e-01,8.878902691954188020e-01,8.611335918587257357e-06,1.994600320754680254e-05,1.610016780755910298e-05,1.773633122809270990e-04,1.669167381176153405e-05,4.375894464294225084e-07,0.000000000000000000e+00
1.500135823836577856e+03,1.520004949371581606e+05,1.118579505281875885e-01,8.878039562222906911e-01,1.221398914928087337e-05,2.829837449512274724e-05,2.285397100559389272e-05,2.532500634294160193e-04,2.094411184892501729e-05,5.327395936278480816e-07,0.000000000000000000e+00
1.500204872204514686e+03,1.520071666040411510e+05,1.118400433560272633e-01,8.876817770104552530e-01,1.731857435305750773e-05,4.013254060120009130e-05,3.243526958471048183e-05,3.609554557774994981e-04,2.668437078402942990e-05,6.534224171262616594e-07,0.000000000000000000e+00
1.500304259724269969e+03,1.520167761643614504e+05,1.118146537309945981e-01,8.875087993598084202e-01,2.455168483517638028e-05,5.690079117226077654e-05,4.603477690853922434e-05,5.138092875081190372e-04,3.444158690061305386e-05,8.087818723015126880e-07,0.000000000000000000e+00
1.500447338101677360e+03,1.520306191599909798e+05,1.117786507857123912e-01,8.872638781970650923e-01,3.480180325957095389e-05,8.066216378228072798e-05,6.535099029172358590e-05,7.307626314018928274e-04,4.488224370313067532e-05,1.011184783864369507e-06,0.000000000000000000e+00
1.500653655942463502e+03,1.520505945918895013e+05,1.117275865970537019e-01,8.869170704186540855e-01,4.932925908922255093e-05,1.143370064008880795e-04,9.281193219901432703e-05,1.038791137879536627e-03,5.879665907434097167e-05,1.276989649075991401e-06,0.000000000000000000e+00
1.500952061417037385e+03,1.520795085441952397e+05,1.116551358399804766e-01,8.864259678840814560e-01,6.992287607257402211e-05,1.620695415430498608e-04,1.318970968374286884e-04,1.476351106040975575e-03,7.702855818169682220e-05,1.627097262308486513e-06,0.000000000000000000e+00
1.501385444575376596e+03,1.521215388817342173e+05,1.115522919648562622e-01,8.857304812115652792e-01,9.912366533869615816e-05,2.297455813742954156e-04,1.876057878590682451e-04,2.098363139442574465e-03,1.003019158474294302e-04,2.086733716383692987e-06,0.000000000000000000e+00
1.502017908304998855e+03,1.521829382563759573e+05,1.114062108558947634e-01,8.847453810908890715e-01,1.405452811435829188e-04,3.257345042065054271e-04,2.671378899442892964e-04,2.983411354254579279e-03,1.288956109184331562e-04,2.683412748744339607e-06,0.000000000000000000e+00
1.502945338504676556e+03,1.522730692940278095e+05,1.111985417490903572e-01,8.833495334866587889e-01,1.993352758054920803e-04,4.619586811531280939e-04,3.808806876224798423e-04,4.244149579786319661e-03,1.621591410950390714e-04,3.441398788379592775e-06,0.000000000000000000e+00
1.504310349340883249e+03,1.524058632569645124e+05,1.109030101159112630e-01,8.813701610874461467e-01,2.828426289195481134e-04,6.554456298011563731e-04,5.438374070057729742e-04,6.042323126867259371e-03,1.980092466882064776e-04,4.370757360403512999e-06,0.000000000000000000e+00
1.506322461389263481e+03,1.526017757589272514e+05,1.104818978122709822e-01,8.785594553296413034e-01,4.015906821712552028e-04,9.306016418789978461e-04,7.777224092954644966e-04,8.610457372262564704e-03,2.328241350567238804e-04,5.450617422820766295e-06,0.000000000000000000e+00
1.509285036650408074e+03,1.528903698103145289e+05,1.098808655854337929e-01,8.745592910786753604e-01,5.707068990382174961e-04,1.322577597648788442e-03,1.114170776285738863e-03,1.228340586642897789e-02,2.623708617778758366e-04,6.611334711246634757e-06,0.000000000000000000e+00
1.513634664489124361e+03,1.533140578979729617e+05,1.090211903467259574e-01,8.688473783100066905e-01,8.120482897608031353e-04,1.882320983498618743e-03,1.600026888161620690e-03,1.754534091498455989e-02,2.839665761582135036e-04,7.727690703206820442e-06,0.000000000000000000e+00
1.520009332271257563e+03,1.539345699708120665e+05,1.077877833038575622e-01,8.606540988797184433e-01,1.157419665824710280e-03,2.684328397792547314e-03,2.306618168342287889e-03,2.510259016743816157e-02,2.985247858147649196e-04,8.636631211222462468e-06,0.000000000000000000e+00
1.529375708146762463e+03,1.548450413019200787e+05,1.060100809637270908e-01,8.488307711190852256e-01,1.653579028611727644e-03,3.838995933016205956e-03,3.346381753079654461e-03,3.600099077062313829e-02,3.100197649828794247e-04,9.180666873843676624e-06,0.000000000000000000e+00
1.543254946081160597e+03,1.561913364144837542e+05,1.034307132875658397e-01,8.316316343765249863e-01,2.370236248169413362e-03,5.513370741089857960e-03,4.903322477337434225e-03,5.181909635188683416e-02,3.223573910390169803e-04,9.269126386781874631e-06,0.000000000000000000e+00
1.564101880367128615e+03,1.582073474319610687e+05,9.965321090172975238e-02,8.063375857346352094e-01,3.412950985080059722e-03,7.968251025644657384e-03,7.292631798813759003e-03,7.498919694557930338e-02,3.371998249606850996e-04,8.972783556268999820e-06,0.000000000000000000e+00
1.595933409020241470e+03,1.612721369554671692e+05,9.405614329594261247e-02,7.686014917635149990e-01,4.942885848361050841e-03,1.162923969132141980e-02,1.108607216039704697e-02,1.093216362361898453e-01,3.538353733931356277e-04,8.695630879495732925e-06,0.000000000000000000e+00
1.645258996809469636e+03,1.659902576494853420e+05,8.567590803399792454e-02,7.114151847505354453e-01,7.198015188038406342e-03,1.723242864269166133e-02,1.737999615744125620e-02,1.607209396964221215e-01,3.680877078623846625e-04,9.439823010646257399e-06,0.000000000000000000e+00
1.721631232775049057e+03,1.732192714591563854e+05,7.321907030108006087e-02,6.243796007559503369e-01,1.045583770724911772e-02,2.612648950250383295e-02,2.828961867950474315e-02,2.371478931468999907e-01,3.683873916460342021e-04,1.310251516563931863e-05,0.000000000000000000e+00
1.833629733776813509e+03,1.836262607694724284e+05,5.618068233174726422e-02,4.989321286270021472e-01,1.463344772784321880e-02,4.068953444201267589e-02,4.707523624597922257e-02,3.421335707755913669e-01,3.329430488489771504e-04,2.245680097480309842e-05,0.000000000000000000e+00
1.973047608812486715e+03,1.961520251132830163e+05,3.886634025147760185e-02,3.548507333787914164e-01,1.814724894596000254e-02,6.267769275331375178e-02,7.389575958849139981e-02,4.512705400674259515e-01,2.535527212248006807e-04,3.813229331449064305e-05,0.000000000000000000e+00
2.113608301319736256e+03,2.082027051543072157e+05,2.927825197206173485e-02,2.519130389589981922e-01,1.894312087564194863e-02,8.408388988384088436e-02,9.898547624574703663e-02,5.165678788422702894e-01,1.773029674656755831e-04,5.104025397366552955e-05,0.000000000000000000e+00
2.243340682191576889e+03,2.189333205474767019e+05,2.670516534884433482e-02,2.073223837627631294e-01,1.806746147027068344e-02,9.333295582706113702e-02,1.159906148039856477e-01,5.383907722051066713e-01,1.370512921786184979e-04,5.359528978917541469e-05,0.000000000000000000e+00
2.360521339446338061e+03,2.284137985405649815e+05,2.644862953677715872e-02,1.903464064762621089e-01,1.697413962211403657e-02,9.423511087525568430e-02,1.274206694330516365e-01,5.444071380131647597e-01,1.177445819078166267e-04,5.016146146587163523e-05,0.000000000000000000e+00
2.465256413217223326e+03,2.367299086088283802e+05,2.659694989561328660e-02,1.813602511166859388e-01,1.600545539232669720e-02,9.269236139777532746e-02,1.359851282098557823e-01,5.472078941993014922e-01,1.066171071045744355e-04,4.534268133598657924e-05,0.000000000000000000e+00
2.559121711751166913e+03,2.440532538497452624e+05,2.674371287772147818e-02,1.747199267619542473e-01,1.517550528374112667e-02,9.066408496037386966e-02,1.429025175631233879e-01,5.496538640151599209e-01,9.965485225472311124e-05,4.073368567007074764e-05,0.000000000000000000e+00
2.643879279009458060e+03,2.505591087762904353e+05,2.683968636049779283e-02,1.691660740074610869e-01,1.445824049708100204e-02,8.858073415666818662e-02,1.486664458631912489e-01,5.521565194561494083e-01,9.561919817069577574e-05,3.668046077944290916e-05,0.000000000000000000e+00
2.720955227144876972e+03,2.563867850591983879e+05,2.689200391098281115e-02,1.643550243535298327e-01,1.383083838797935332e-02,8.654083916442686930e-02,1.535342298920238935e-01,5.547199291920528186e-01,9.392988884153002883e-05,3.320521016169296450e-05,0.000000000000000000e+00
2.791427714391981226e+03,2.616411662004848185e+05,2.691143266381772550e-02,1.601260114083792041e-01,1.327656969709603563e-02,8.457727338740127221e-02,1.576778270313222430e-01,5.573064349215059998e-01,9.419860716410475491e-05,3.025228331229726838e-05,0.000000000000000000e+00
2.856103995345099065e+03,2.664010402285162709e+05,2.690634987961926933e-02,1.563738777810122216e-01,1.278324707467728104e-02,8.270542474325300042e-02,1.612243445056455726e-01,5.598828867342731108e-01,9.611889524870510099e-05,2.775038626979147558e-05,0.000000000000000000e+00
2.915588748169967857e+03,2.707260540162848192e+05,2.688300479361059939e-02,1.530227283650367476e-01,1.234184990824669509e-02,8.093357390039633559e-02,1.642712450659104817e-01,5.624225397502270463e-01,9.942712038314063924e-05,2.563109618765562123e-05,0.000000000000000000e+00
2.970335989019111821e+03,2.746618198122227332e+05,2.684617321586693292e-02,1.500161161202479554e-01,1.194558370933903983e-02,7.926640459675299288e-02,1.668949473216085055e-01,5.649030573625233309e-01,1.038832721558359345e-04,2.383440150442187532e-05,0.000000000000000000e+00
3.020688689939718188e+03,2.782436756500591873e+05,2.679961803280585947e-02,1.473113143289921656e-01,1.158923906495901678e-02,7.770660387056177454e-02,1.691565689728030120e-01,5.673050851405010420e-01,1.092609992988862280e-04,2.230959007704168856e-05,0.000000000000000000e+00
3.066910601551283435e+03,2.814995708012065734e+05,2.674638489080066392e-02,1.448753813067163998e-01,1.126873478584688483e-02,7.625560635657621655e-02,1.711059992494323168e-01,5.696115358809780149e-01,1.153431196621552897e-04,2.101440998612190110e-05,0.000000000000000000e+00
3.109211133125602373e+03,2.844522384165090625e+05,2.668898691644309290e-02,1.426823983351080405e-01,1.098079392425903647e-02,7.491392070275937343e-02,1.727847295033340391e-01,5.718073357806231494e-01,1.219210399643535906e-04,1.991379750768546415e-05,0.000000000000000000e+00
3.147767067732021133e+03,2.871209897423819639e+05,2.662951811875288038e-02,1.407113458379828652e-01,1.072269345974968986e-02,7.368117996898451705e-02,1.742279493836427773e-01,5.738795378965648730e-01,1.287967841933151340e-04,1.897855012794134657e-05,0.000000000000000000e+00
3.182742661012528970e+03,2.895232826782033080e+05,2.656971378952185589e-02,1.389444032410616370e-01,1.049206313163860045e-02,7.255599842853205361e-02,1.754660848973445542e-01,5.758177649170528323e-01,1.357874565048174608e-04,1.818413834254120626e-05,0.000000000000000000e+00
3.214300218061810483e+03,2.916755580067132832e+05,2.651099249790340312e-02,1.373659315439955397e-01,1.028677034239810009e-02,7.153598423599999423e-02,1.765256955656697158e-01,5.776143865979337377e-01,1.427293501432307836e-04,1.750986595523220150e-05,0.000000000000000000e+00
3.242609508549293878e+03,2.935939576297562453e+05,2.645448071423628367e-02,1.359616176042204860e-01,1.010482535319589224e-02,7.061769798144384991e-02,1.774301921724494302e-01,5.792647660830787526e-01,1.494819511908891023e-04,1.693814018324179768e-05,0.000000000000000000e+00
3.267852513368418386e+03,2.952947040885003516e+05,2.640103218318740758e-02,1.347179394165054223e-01,9.944326644272347138e-03,6.979669591579995558e-02,1.782002825485663744e-01,5.807673384285574336e-01,1.559309235359521736e-04,1.645393957393317239e-05,0.000000000000000000e+00
3.290225015642206472e+03,2.967942605442255153e+05,2.635124942091401218e-02,1.336218300662289915e-01,9.803429826705933534e-03,6.906763113401075127e-02,1.788543075577673225e-01,5.821235182501964811e-01,1.619893594688790578e-04,1.604438470650378245e-05,0.000000000000000000e+00
3.309935271355605437e+03,2.981092973073219764e+05,2.630550863928378044e-02,1.326605235881083977e-01,9.680337830487009687e-03,6.842441591638276366e-02,1.794084795954880296e-01,5.833374386391240174e-01,1.675973848791758539e-04,1.569840624563134703e-05,0.000000000000000000e+00
3.327198875851393495e+03,2.992564113730922691e+05,2.626399336673269913e-02,1.318216168556284873e-01,9.573316021120230682e-03,6.786048182079537638e-02,1.798770239230207124e-01,5.844154411882079847e-01,1.727195219049054394e-04,1.540730258845133169e-05,0.000000000000000000e+00
3.342236251638654721e+03,3.002520271299493616e+05,2.622672311918382640e-02,1.310930261220324966e-01,9.480691151326044869e-03,6.736893319270932656e-02,1.802724158528201392e-01,5.853657049099068033e-01,1.773423070592589437e-04,1.516334496111843901e-05,0.000000000000000000e+00
3.355271544624487433e+03,3.011123910683926078e+05,2.619357688507294515e-02,1.304629103818478186e-01,9.400843744020821388e-03,6.694263456801811951e-02,1.806056341952468336e-01,5.861979740682846662e-01,1.814730461850266169e-04,1.495311132269112914e-05,0.000000000000000000e+00
3.366517756013757662e+03,3.018526562850882765e+05,2.616435232678596470e-02,1.299202850898001638e-01,9.332285520935516138e-03,6.657473939070999991e-02,1.808860320529541710e-01,5.869223958097902205e-01,1.851274261109312803e-04,1.478238291183595849e-05,0.000000000000000000e+00
3.376175523427947610e+03,3.024868739346188959e+05,2.613879014144836199e-02,1.294549839236505684e-01,9.273653025838263578e-03,6.625875125404047383e-02,1.811216275727264013e-01,5.875492278286733594e-01,1.883353618360052552e-04,1.463089178552477346e-05,0.000000000000000000e+00
3.384444590302401139e+03,3.030288004332169658e+05,2.611656043753541115e-02,1.290570526987935562e-01,9.223628799650166604e-03,6.598817651724467326e-02,1.813195292892884336e-01,5.880894116754772361e-01,1.911310750194589170e-04,1.450950699017780905e-05,0.000000000000000000e+00
3.391497472763277983e+03,3.034902219281517318e+05,2.609734964680636080e-02,1.287179616032190776e-01,9.181090646976674749e-03,6.575739052822192343e-02,1.814855491478073735e-01,5.885526904114505298e-01,1.935504054197070714e-04,1.441761009723117766e-05,0.000000000000000000e+00
3.397492693476443492e+03,3.038818693277448183e+05,2.608083765395599954e-02,1.284299299381626291e-01,9.145024256207306967e-03,6.556121221051831871e-02,1.816246903340458796e-01,5.889483426693679080e-01,1.956361487899698555e-04,1.432678895073599596e-05,0.000000000000000000e+00
3.402582224510141259e+03,3.042139324052356533e+05,2.606668857770281025e-02,1.281855535519671740e-01,9.114473159432000260e-03,6.539467542825014301e-02,1.817413688529016247e-01,5.892855574516300265e-01,1.974245240752821394e-04,1.425845403958014703e-05,0.000000000000000000e+00
3.406885825845189174e+03,3.044944190729094553e+05,2.605462985387736741e-02,1.279790080517284045e-01,9.088687342992746859e-03,6.525385865032037880e-02,1.818390180505491394e-01,5.895716579046100803e-01,1.989531032659256813e-04,1.418704265451670345e-05,0.000000000000000000e+00
3.410528686234597444e+03,3.047316263627356384e+05,2.604435492827891774e-02,1.278042399047956967e-01,9.066894608413247555e-03,6.513466883480058256e-02,1.819209299012341519e-01,5.898145173574429467e-01,2.002545139897678997e-04,1.413995104334251610e-05,0.000000000000000000e+00
3.413594547828601208e+03,3.049311099328008713e+05,2.603565901398328941e-02,1.276571964663557046e-01,9.048577829826723318e-03,6.503436066847825825e-02,1.819893563061509845e-01,5.900194003380963004e-01,2.013585651929299526e-04,1.409081191433326306e-05,0.000000000000000000e+00
3.416176594576033949e+03,3.050990046300938702e+05,2.602830123153533973e-02,1.275333882905745064e-01,9.033168745048060846e-03,6.494988699884281236e-02,1.820466068900733758e-01,5.901922968357007360e-01,2.022916352187725255e-04,1.405937300480491204e-05,0.000000000000000000e+00
3.418350359932341235e+03,3.052402746085238177e+05,2.602208262730667382e-02,1.274291768160397686e-01,9.020208240180696557e-03,6.487877322486686194e-02,1.820945472977014423e-01,5.903381000398760792e-01,2.030811315677662058e-04,1.403062245920748011e-05,0.000000000000000000e+00
3.420178416788639879e+03,3.053590232164808549e+05,2.601683582387584459e-02,1.273415522617736551e-01,9.009317442200357254e-03,6.481897096087003984e-02,1.821346821468360910e-01,5.904608889855800236e-01,2.037479182568430398e-04,1.400446060561843194e-05,0.000000000000000000e+00
3.421706611314491511e+03,3.054582543892523972e+05,2.601243740869876864e-02,1.272683121209552404e-01,9.000219349182037726e-03,6.476898155115963507e-02,1.821680913052237671e-01,5.905636600561939842e-01,2.043053300517390348e-04,1.399287853337114554e-05,0.000000000000000000e+00
3.423002104549611431e+03,3.055423485189244966e+05,2.600870044879766835e-02,1.272062294701721274e-01,8.992510621980295826e-03,6.472660427063760269e-02,1.821963319526475611e-01,5.906508662961627021e-01,2.047801779650357213e-04,1.397676163547070681e-05,0.000000000000000000e+00
3.424082725166682394e+03,3.056124761631695437e+05,2.600557684855808044e-02,1.271544480196697413e-01,8.986083619051662974e-03,6.469125581041527961e-02,1.822198280834272377e-01,5.907236735357198620e-01,2.051785550101039625e-04,1.395552814662576579e-05,0.000000000000000000e+00
3.424991072311128846e+03,3.056714097019237233e+05,2.600294740923103642e-02,1.271109255381540348e-01,8.980683197175811858e-03,6.466154470198061388e-02,1.822395254292230038e-01,5.907849123145562098e-01,2.055119409095038118e-04,1.394946876830741813e-05,0.000000000000000000e+00
3.425739086353885341e+03,3.057199327085188706e+05,2.600077866048789571e-02,1.270750860738234789e-01,8.976237560710594032e-03,6.463707651563020684e-02,1.822557259343962899e-01,5.908353764709065592e-01,2.057896199727970088e-04,1.392916407061007281e-05,0.000000000000000000e+00
3.426366485705046216e+03,3.057606246678016032e+05,2.599895781374263887e-02,1.270450274930545742e-01,8.972509712301400195e-03,6.461655483917934373e-02,1.822692882830331262e-01,5.908777216838883017e-01,2.060216910588955172e-04,1.391848374009865193e-05,0.000000000000000000e+00
3.426911898133772411e+03,3.057959943722864846e+05,2.599737365870395320e-02,1.270188972811830685e-01,8.969269568808713872e-03,6.459871472012922167e-02,1.822810670967053293e-01,5.909145462263988291e-01,2.062239070166100468e-04,1.390754105266676791e-05,0.000000000000000000e+00
3.427345372952088837e+03,3.058241008325334406e+05,2.599611312958260978e-02,1.269981338940856241e-01,8.966695477292377717e-03,6.458453924537872759e-02,1.822903917757635328e-01,5.909438273933451669e-01,2.063816364892142273e-04,1.391744806138522264e-05,0.000000000000000000e+00
3.427711092119438490e+03,3.058478134996900335e+05,2.599504920774132685e-02,1.269806122289761641e-01,8.964523520604669032e-03,6.457257531473563350e-02,1.822982856770038462e-01,5.909685368323466248e-01,2.065196184070770987e-04,1.389760018318943221e-05,0.000000000000000000e+00
3.428013440358824937e+03,3.058674146327193012e+05,2.599416912656160594e-02,1.269661296157930108e-01,8.962728435609027683e-03,6.456268736474272962e-02,1.823047853409106855e-01,5.909889693856194004e-01,2.066304998818782330e-04,1.390023088029977482e-05,0.000000000000000000e+00
3.428266173347727999e+03,3.058837988937371410e+05,2.599343315781539598e-02,1.269540222025101750e-01,8.961227910672376479e-03,6.455442035076291996e-02,1.823102280409776288e-01,5.910060523756257567e-01,2.067252366717750025e-04,1.389072496234611330e-05,0.000000000000000000e+00
3.428477649333816771e+03,3.058975073131051031e+05,2.599281708303478530e-02,1.269438925039120536e-01,8.959972571629230137e-03,6.454750410092502388e-02,1.823147707919992588e-01,5.910203489829817247e-01,2.068031695523361250e-04,1.389079596423360515e-05,0.000000000000000000e+00
3.428658507100282350e+03,3.059092306094084634e+05,2.599229004596545836e-02,1.269352291649151754e-01,8.958899026512687214e-03,6.454158885631573750e-02,1.823186569964312387e-01,5.910325773619147238e-01,2.068702871496705539e-04,1.388826079374680529e-05,0.000000000000000000e+00
3.428807286950994239e+03,3.059188741771712666e+05,2.599185632133680507e-02,1.269281027309433485e-01,8.958016003355630946e-03,6.453672356579527591e-02,1.823218494881010399e-01,5.910426389828515870e-01,2.069253407424995661e-04,1.388756687214319423e-05,0.000000000000000000e+00
3.428933273130563521e+03,3.059270396860816982e+05,2.599148886467469999e-02,1.269220683578896336e-01,8.957268160917122510e-03,6.453258439476353137e-02,1.823245929857417735e-01,5.910511419228031693e-01,2.069703970716826956e-04,1.388491613664626572e-05,0.000000000000000000e+00
3.429036235034183392e+03,3.059337133230234031e+05,2.599118879480493208e-02,1.269171363651556972e-01,8.956657199950679091e-03,6.452923532919437044e-02,1.823267636350044407e-01,5.910581218559867178e-01,2.070098546699916491e-04,1.388696523145215292e-05,0.000000000000000000e+00
3.429121567771148420e+03,3.059392442097489838e+05,2.599093992512891554e-02,1.269130484482298427e-01,8.956150725877220706e-03,6.452644388759391780e-02,1.823285990989062522e-01,5.910638936091888729e-01,2.070421739262165016e-04,1.388213114712418355e-05,0.000000000000000000e+00
3.429193271412793365e+03,3.059438912106672651e+05,2.599073076477310257e-02,1.269096144164479079e-01,8.955725261746949953e-03,6.452409931986950731e-02,1.823301333128280743e-01,5.910687437343165040e-01,2.070681440158100232e-04,1.388504600030818028e-05,0.000000000000000000e+00
3.429252850874092928e+03,3.059477529073206242e+05,2.599055696873208907e-02,1.269067599106193378e-01,8.955371622864794628e-03,6.452214996943796133e-02,1.823314171979961429e-01,5.910727739942666092e-01,2.070911362879999961e-04,1.387919979321280053e-05,0.000000000000000000e+00
3.429302699784040215e+03,3.059509831987310317e+05,2.599041152233474983e-02,1.269043731278445553e-01,8.955075912612518382e-03,6.452052061829680052e-02,1.823324788989365841e-01,5.910761461025132446e-01,2.071084963321583798e-04,1.388532112748115701e-05,0.000000000000000000e+00
3.429344301151731088e+03,3.059536794643212343e+05,2.599029014609309865e-02,1.269023802131892531e-01,8.954829019288025257e-03,6.451915973689513473e-02,1.823333732718348810e-01,5.910789604233021022e-01,2.071242662777167723e-04,1.388292311788066227e-05,0.000000000000000000e+00
3.429379128359353217e+03,3.059559365655164584e+05,2.599018852465131979e-02,1.269007120406920042e-01,8.954622356204691366e-03,6.451802069400237871e-02,1.823341201336493855e-01,5.910813165291567417e-01,2.071371942394980539e-04,1.388252740196695443e-05,0.000000000000000000e+00
3.429408234442989851e+03,3.059578230107210111e+05,2.599010359676003426e-02,1.268993175978671839e-01,8.954449610625914158e-03,6.451706843501257838e-02,1.823347467629444218e-01,5.910832856498681176e-01,2.071483793900090085e-04,1.387996752962141676e-05,0.000000000000000000e+00
3.429433191427703150e+03,3.059594404693387914e+05,2.599003077197397857e-02,1.268981220726404791e-01,8.954301505782949824e-03,6.451625207033941101e-02,1.823352829163441546e-01,5.910849740813568509e-01,2.071577980105217265e-04,1.387878354943539223e-05,0.000000000000000000e+00
3.429453676026109406e+03,3.059607680267344113e+05,2.598997082222036237e-02,1.268971413015779204e-01,8.954180078993083727e-03,6.451558282126060306e-02,1.823357182024645251e-01,5.910863619770322375e-01,2.071652594639583069e-04,1.387953698491796281e-05,0.000000000000000000e+00
3.429469962540238612e+03,3.059618043648531311e+05,2.598993494639883009e-02,1.268963261151047073e-01,8.954071097617205197e-03,6.451454063650331749e-02,1.823372507586325242e-01,5.910868516831153663e-01,2.071507325360972857e-04,1.387403008956810145e-05,0.000000000000000000e+00
3.429484829837677808e+03,3.059627871458611335e+05,2.598988007655377019e-02,1.268956483702099458e-01,8.953995064008764618e-03,6.451456287402575207e-02,1.823363925975542699e-01,5.910884677555472422e-01,2.071773614154165139e-04,1.387590068231909863e-05,0.000000000000000000e+00
3.429496592669967413e+03,3.059635492487722659e+05,2.598984574014695167e-02,1.268950854195967370e-01,8.953925318547623774e-03,6.451417866733137607e-02,1.823366409602853455e-01,5.910892635808909779e-01,2.071811495555294399e-04,1.387916364291278225e-05,0.000000000000000000e+00
3.429506501464645225e+03,3.059641920160429436e+05,2.598981684085539465e-02,1.268946094234989774e-01,8.953866371966302806e-03,6.451385310974852572e-02,1.823368646823675665e-01,5.910899340466935215e-01,2.071865444411059864e-04,1.386898042596902617e-05,0.000000000000000000e+00
3.429514721149213074e+03,3.059647245329925208e+05,2.598979284559680553e-02,1.268942161000065627e-01,8.953817641636432553e-03,6.451358469379597782e-02,1.823370377500951323e-01,5.910904901595843697e-01,2.071891202757126865e-04,1.387168900651123164e-05,0.000000000000000000e+00
3.429521579881471098e+03,3.059651685675214394e+05,2.598977281277062290e-02,1.268938886061772575e-01,8.953777057010505261e-03,6.451336147836553292e-02,1.823371764065007394e-01,5.910909541732641825e-01,2.071903947602959581e-04,1.387907114828048625e-05,0.000000000000000000e+00
3.429527330552941748e+03,3.059655417279285612e+05,2.598975604432327002e-02,1.268936120720259020e-01,8.953742815874828412e-03,6.451317223149116709e-02,1.823373085625604184e-01,5.910913433007700668e-01,2.071938792396216950e-04,1.387109371227340795e-05,0.000000000000000000e+00
3.429532119359971148e+03,3.059658517124313512e+05,2.598974205564307319e-02,1.268933835092610485e-01,8.953714490006415422e-03,6.451301648337728900e-02,1.823374045932538157e-01,5.910916672766225455e-01,2.071946511294384618e-04,1.387694070396144086e-05,0.000000000000000000e+00
3.429536141013138149e+03,3.059661120387977571e+05,2.598973030785965005e-02,1.268931915599757210e-01,8.953690701709676736e-03,6.451288568393559464e-02,1.823374852535362967e-01,5.910919393534627142e-01,2.071953015091066060e-04,1.388183800894599481e-05,0.000000000000000000e+00
3.429539463438139592e+03,3.059663278176378808e+05,2.598972062587545304e-02,1.268930313694274503e-01,8.953670872726693375e-03,6.451277589162572601e-02,1.823375650661785419e-01,5.910921641886587308e-01,2.071978407015035047e-04,1.387414480365857729e-05,0.000000000000000000e+00
3.429542257777045052e+03,3.059665087360853213e+05,2.598971246438682575e-02,1.268928979130476420e-01,8.953654334740745666e-03,6.451268491720638099e-02,1.823376218082022326e-01,5.910923532382430512e-01,2.071983987068794870e-04,1.387692546371893510e-05,0.000000000000000000e+00
3.429544613239968385e+03,3.059666610084830900e+05,2.598970557716321836e-02,1.268927859394368973e-01,8.953640451352313720e-03,6.451260879209586019e-02,1.823376653763154331e-01,5.910925125759191046e-01,2.071982216431496251e-04,1.388306607154837290e-05,0.000000000000000000e+00
3.429546550812087844e+03,3.059667868776867399e+05,2.598969993177918658e-02,1.268926924483639862e-01,8.953628879729617213e-03,6.451254468695083455e-02,1.823377125016671652e-01,5.910926436988148680e-01,2.071997907010309425e-04,1.387806199075895140e-05,0.000000000000000000e+00
3.429548241464923649e+03,3.059668968085549423e+05,2.598969500913128269e-02,1.268926106407787524e-01,8.953618757523392965e-03,6.451248850329921458e-02,1.823377555049203735e-01,5.910927581210498882e-01,2.072014459578547750e-04,1.387201733681409661e-05,0.000000000000000000e+00
3.429549599335195580e+03,3.059669822139024036e+05,2.598969048115508385e-02,1.268925525872342253e-01,8.953610670399708704e-03,6.451244551980915565e-02,1.823377762200906749e-01,5.910928445955326849e-01,2.072007302044006835e-04,1.387919557126187141e-05,0.000000000000000000e+00
3.429550724679455470e+03,3.059670553513534251e+05,2.598968708014414222e-02,1.268924963358196711e-01,8.953603937986566105e-03,6.451240866180542322e-02,1.823378052631301760e-01,5.910929214376811069e-01,2.072017717879825192e-04,1.387551164226829690e-05,0.000000000000000000e+00
3.429551686297525521e+03,3.059671170803392888e+05,2.598968424788714038e-02,1.268924515124823515e-01,8.953598377773040393e-03,6.451237866544444477e-02,1.823378150612016413e-01,5.910929864842001669e-01,2.072004796472295897e-04,1.388517136127938052e-05,0.000000000000000000e+00
3.429552473149495654e+03,3.059671681063461001e+05,2.598968195196075734e-02,1.268924137424825294e-01,8.953593700684632853e-03,6.451235285122593199e-02,1.823378325485053575e-01,5.910930397279321458e-01,2.072008657867638098e-04,1.388461141917743819e-05,0.000000000000000000e+00
3.429553112798582788e+03,3.059672101787105785e+05,2.598968010515576021e-02,1.268923817044108615e-01,8.953589752145649228e-03,6.451233042773520110e-02,1.823378576832629383e-01,5.910930830613430054e-01,2.072028387456490513e-04,1.387442719837583219e-05,0.000000000000000000e+00
3.429553683527030898e+03,3.059672465105360025e+05,2.598967841796034905e-02,1.268923558470018698e-01,8.953586527598138278e-03,6.451231335086991814e-02,1.823378578445130904e-01,5.910931216196702032e-01,2.072012166719450720e-04,1.388517571181097490e-05,0.000000000000000000e+00
3.429554140021738476e+03,3.059672762196984258e+05,2.598967708965221543e-02,1.268923336977724470e-01,8.953583787899916518e-03,6.451229811591104035e-02,1.823378699477172515e-01,5.910931525173532819e-01,2.072017383525092435e-04,1.388310533856922286e-05,0.000000000000000000e+00
3.429554510538276645e+03,3.059673006968825939e+05,2.598967602338648347e-02,1.268923148986228766e-01,8.953581474305754781e-03,6.451228486785205718e-02,1.823378864761952822e-01,5.910931776275408778e-01,2.072031803542827928e-04,1.387545173963704069e-05,0.000000000000000000e+00
3.429554852660356119e+03,3.059673222116066609e+05,2.598967500337458908e-02,1.268922999957521613e-01,8.953579606715568115e-03,6.451227527272790363e-02,1.823378816985229689e-01,5.910932007180805803e-01,2.072014675217172329e-04,1.388623730180365874e-05,0.000000000000000000e+00
3.429555107455471443e+03,3.059673391925260075e+05,2.598967427497677479e-02,1.268922867323181158e-01,8.953577978978206550e-03,6.451226580175027647e-02,1.823378958044709341e-01,5.910932179987824497e-01,2.072028753593636884e-04,1.387853336127098149e-05,0.000000000000000000e+00
3.429555320246805422e+03,3.059673534409200656e+05,2.598967366885108002e-02,1.268922755043543071e-01,8.953576603047812624e-03,6.451225773015335785e-02,1.823379088169920503e-01,5.910932324367377255e-01,2.072042383696332804e-04,1.387100149137016129e-05,0.000000000000000000e+00
3.429555512732114039e+03,3.059673657536043320e+05,2.598967310174515530e-02,1.268922666495791718e-01,8.953575500864025677e-03,6.451225182647014889e-02,1.823379099659647451e-01,5.910932454460710028e-01,2.072038574950202904e-04,1.387365180802145569e-05,0.000000000000000000e+00
3.429555671789305052e+03,3.059673759874961106e+05,2.598967263507817593e-02,1.268922591981016534e-01,8.953574575375286212e-03,6.451224680386466459e-02,1.823379120122379793e-01,5.910932562014857838e-01,2.072037094768560772e-04,1.387486437699551981e-05,0.000000000000000000e+00
3.429555822958321642e+03,3.059673851285015116e+05,2.598967217245413616e-02,1.268922534389390344e-01,8.953573840527308605e-03,6.451224345119049852e-02,1.823379031622784918e-01,5.910932663721443214e-01,2.072019289038595227e-04,1.388563355974842133e-05,0.000000000000000000e+00
3.429555920036885254e+03,3.059673918308738503e+05,2.598967190251729245e-02,1.268922478600081338e-01,8.953573162849334105e-03,6.451223927824993598e-02,1.823379128250076364e-01,5.910932729766098515e-01,2.072031167562784343e-04,1.387887799891476787e-05,0.000000000000000000e+00
