1.399999598879059022e+03,1.519874530524823058e+05,1.119005206859822604e-01,8.880993393082448062e-01,3.739449130036861647e-09,4.065971067769654077e-09,3.259013886118866971e-09,4.302978071405908272e-09,1.244618651656259171e-07,1.764956219806607280e-10,0.000000000000000000e+00
1.399999188900259469e+03,1.519874083833925833e+05,1.119005096447000525e-01,8.880991821088327631e-01,8.086048131465125827e-09,1.322693373365579235e-08,9.574512422368091827e-09,2.609198491884926551e-08,2.505615829784586949e-07,7.054051617573886331e-10,0.000000000000000000e+00
1.399998797875786977e+03,1.519873656372003315e+05,1.119004943316109363e-01,8.880989936922671912e-01,1.358507923352039184e-08,2.611469153595561077e-08,1.811794291962063861e-08,7.381847130176904751e-08,3.787481155324281997e-07,1.591821131694295084e-09,0.000000000000000000e+00
1.399998432821242886e+03,1.519873255377655150e+05,1.119004733511243660e-01,8.880987653487569800e-01,2.065989365570205479e-08,4.305631710208749157e-08,2.925779370193101187e-08,1.557885650589824013e-07,5.096960639334238265e-07,2.841485492422515311e-09,0.000000000000000000e+00
1.399998101810747130e+03,1.519872889115061844e+05,1.119004450115197863e-01,8.880984855238358566e-01,2.979226179029379364e-08,6.502674482974380208e-08,4.367974508943940614e-08,2.822034746660355339e-07,6.443000792071450714e-07,4.462338766883749057e-09,0.000000000000000000e+00
1.399997815013389072e+03,1.519872567973161640e+05,1.119004071580280146e-01,8.880981392191461543e-01,4.158694117458999250e-08,9.343343730765547951e-08,6.231984904877033039e-08,4.660966731713138690e-07,7.837207313582116470e-07,6.465193845529909426e-09,0.000000000000000000e+00
1.399997585490362553e+03,1.519872305290198419e+05,1.119003570169820605e-01,8.880977070519940897e-01,5.681995382929220297e-08,1.301334353847420923e-07,8.640001690824735452e-08,7.242562571067453448e-07,9.294567832095845282e-07,8.864577507695636404e-09,0.000000000000000000e+00
1.399997430087857310e+03,1.519872118268371851e+05,1.119002910100775211e-01,8.880971639966910303e-01,7.649177290534233908e-08,1.775347489122285904e-07,1.175012900214345071e-07,1.078343733363163519e-06,1.083441876679318248e-06,1.167980988572220087e-08,0.000000000000000000e+00
1.399997370553624478e+03,1.519872029114916804e+05,1.119002045187984101e-01,8.880964777480870875e-01,1.018935102922106785e-07,2.387486543370062772e-07,1.576656629060500955e-07,1.556318826222321934e-06,1.248170066427781510e-06,1.493639405147741034e-08,0.000000000000000000e+00
1.399997434969855249e+03,1.519872066505732073e+05,1.119000915813885833e-01,8.880956066056946430e-01,1.346917039832018917e-07,3.177921115691422128e-07,2.095295218798031502e-07,2.194273948353952882e-06,1.426857821858456288e-06,1.866780924771471343e-08,0.000000000000000000e+00
1.399997659601851410e+03,1.519872267473640677e+05,1.118999445020212175e-01,8.880944967420542069e-01,1.770375732606854933e-07,4.198505836132210841e-07,2.764964475064726007e-07,3.038800823925884668e-06,1.623652673465213542e-06,2.291782271611929693e-08,0.000000000000000000e+00
1.399998091287459602e+03,1.519872679849129636e+05,1.118997533462075256e-01,8.880930786757593731e-01,2.317080405970350760e-07,5.516178063259222317e-07,3.629605570603634567e-07,4.150046357083227335e-06,1.843901798626449049e-06,2.774347316319084421e-08,0.000000000000000000e+00
1.399998790525804907e+03,1.519873365415709559e+05,1.118995052895428305e-01,8.880912627199988307e-01,3.022877218359240907e-07,7.217344003976533461e-07,4.745949169743257025e-07,5.605657197261746753e-06,2.094497306161200736e-06,3.321891555436762274e-08,0.000000000000000000e+00
1.399999835474329075e+03,1.519874403993664891e+05,1.118991837766048214e-01,8.880889331057075786e-01,3.934039433623262032e-07,9.413543059390531718e-07,6.187242168062906275e-07,7.505874920658654590e-06,2.384319919549433985e-06,3.944038132801305898e-08,0.000000000000000000e+00
1.400001327121821987e+03,1.519875898726168671e+05,1.118987674351284572e-01,8.880859403971643751e-01,5.110301012605656382e-07,1.224875917442983732e-06,8.048061665699777151e-07,9.980114900173078275e-06,2.724808052992435185e-06,4.653256887912256392e-08,0.000000000000000000e+00
1.400003395988941293e+03,1.519877982927623962e+05,1.118982286740483612e-01,8.880820917033518391e-01,6.628772792087143115e-07,1.590885892077317115e-06,1.045053525322016125e-06,1.319546253596324699e-05,3.130686490922594067e-06,5.465687619465047201e-08,0.000000000000000000e+00
1.400006210818856289e+03,1.519880828968304268e+05,1.118975318725010243e-01,8.880771380397419756e-01,8.589000252205572477e-07,2.063378010710418470e-06,1.355238401380089545e-06,1.736765163320228751e-05,3.620897679611338065e-06,6.402200682463878355e-08,0.000000000000000000e+00
1.400009989856230959e+03,1.519884659808794677e+05,1.118966310415507454e-01,8.880707580210375207e-01,1.111949217615202378e-06,2.673326384690903052e-06,1.755732024660393151e-06,2.277524449007341096e-05,4.219787681702303307e-06,7.489761281194402057e-08,0.000000000000000000e+00
1.400015015520237966e+03,1.519889764011338120e+05,1.118954668020702842e-01,8.880625368021654031e-01,1.438615588927758665e-06,3.460717889062591659e-06,2.272850747809473425e-06,2.977796782001208622e-05,4.958611869217202978e-06,8.763184932533912966e-08,0.000000000000000000e+00
1.400021653509458702e+03,1.519896515295212448e+05,1.118939624823056672e-01,8.880519389136917185e-01,1.860318504141706280e-06,4.477175192333774917e-06,2.940597668551712229e-06,3.884040430695532035e-05,5.877434424695022067e-06,1.026739057613097814e-07,0.000000000000000000e+00
1.400030377761992213e+03,1.519905398101458559e+05,1.118920190723288188e-01,8.880382731873465163e-01,2.404712913921610568e-06,5.789345769987954772e-06,3.802920223525055637e-06,5.056264775171029672e-05,7.027510747480986994e-06,1.206029181605315950e-07,0.000000000000000000e+00
1.400041803148317740e+03,1.519917041103878873e+05,1.118895087015415457e-01,8.880206474921225057e-01,3.107506916882354215e-06,7.483279073568465619e-06,4.916638181434037448e-06,6.571997088945395532e-05,8.474246300886123447e-06,1.421649737315122224e-07,0.000000000000000000e+00
1.400056728458128418e+03,1.519932261314046336e+05,1.118862662018340476e-01,8.879979103126641737e-01,4.014810746648973664e-06,9.670082027456830372e-06,6.355246605076138224e-06,8.531419995668826839e-05,1.030082580909107006e-05,1.683203567394100349e-07,0.000000000000000000e+00
1.400076193159885861e+03,1.519952122385302209e+05,1.118820781918209994e-01,8.879685753700966577e-01,5.186172621630507711e-06,1.249322580772095823e-05,8.213861591493923063e-06,1.106402892187018826e-04,1.261258521134004729e-05,2.003036314395300580e-07,0.000000000000000000e+00
1.400101552791176800e+03,1.519978012162557861e+05,1.118766689344544291e-01,8.879307242983180970e-01,6.698506589799299657e-06,1.613799554927942617e-05,1.061566885528292431e-05,1.433727449342222268e-04,1.554215157360598984e-05,2.396997251593846717e-07,0.000000000000000000e+00
1.400134579648293993e+03,1.520011746426106838e+05,1.118696820113217194e-01,8.878818810768965841e-01,8.651173522072686174e-06,2.084370790996273236e-05,1.372034538316526686e-05,1.856778894102459505e-04,1.925525604221574067e-05,2.885395145309299382e-07,0.000000000000000000e+00
1.400177598223521727e+03,1.520055708700249088e+05,1.118606565454504098e-01,8.878188499807337930e-01,1.117255967215698973e-05,2.691951932938050886e-05,1.773508988694498276e-05,2.403599624151806652e-04,2.395692378162611393e-05,3.494187305620630194e-07,0.000000000000000000e+00
1.400233668807796676e+03,1.520113040180934768e+05,1.118489962976415980e-01,8.877375063322335835e-01,1.442860498430609366e-05,3.476490319065535760e-05,2.292911995500700078e-05,3.110517090921801698e-04,2.989738915934383057e-05,4.256437435381642000e-07,0.000000000000000000e+00
1.400306838152149339e+03,1.520187899625171267e+05,1.118339294631749137e-01,8.876325264205139343e-01,1.863386352218419413e-05,4.489618119484436467e-05,2.965277626018678934e-05,4.024634079222955368e-04,3.737648128264238386e-05,5.214061292823500638e-07,0.000000000000000000e+00
1.400402484335838153e+03,1.520285821764874854e+05,1.118144562351975208e-01,8.874970384693583458e-01,2.406587744529329413e-05,5.798096397734451906e-05,3.836279888961939815e-05,5.207093273926283660e-04,4.674434329630772049e-05,6.419844427780370863e-07,0.000000000000000000e+00
1.400527793956533969e+03,1.520414214412971633e+05,1.117892802812117808e-01,8.873221712789350901e-01,3.108388387184440828e-05,7.488291501067190561e-05,4.965586333193600202e-05,6.737367815379218102e-04,5.839503274121645506e-05,7.939633597083841415e-07,0.000000000000000000e+00
1.400692424574965798e+03,1.520583050084644055e+05,1.117567190142073341e-01,8.870964698671438553e-01,4.015320174729284221e-05,9.672002239729225476e-05,6.431315929512130246e-05,8.718914296359266255e-04,7.274786090518978805e-05,9.854446681015403584e-07,0.000000000000000000e+00
1.400909424720281095e+03,1.520805828337175190e+05,1.117145857071578374e-01,8.868051364351133836e-01,5.187712656948715510e-05,1.249406976307984867e-04,8.335973388050627758e-05,1.128664550982081500e-03,9.020955142984293936e-05,1.226197236208214397e-06,0.000000000000000000e+00
1.401196504910765270e+03,1.521100907110401604e+05,1.116600342318259387e-01,8.864290407385845283e-01,6.703876268374756877e-05,1.614234462258660205e-04,1.081433731906407820e-04,1.461682709844198567e-03,1.111090911028316685e-04,1.527646542589020200e-06,0.000000000000000000e+00
1.401577773327154318e+03,1.521493321923740732e+05,1.115893540389586436e-01,8.859434221907488416e-01,8.665608656211871129e-05,2.086079208419854307e-04,1.404390579243537782e-04,1.894019821057152213e-03,1.355983479539443694e-04,1.902535952992867425e-06,0.000000000000000000e+00
1.402086060946466887e+03,1.522017221890526125e+05,1.114976986829248201e-01,8.853161729997884866e-01,1.120547516781478481e-04,2.696681119971777881e-04,1.825865003278252753e-04,2.455936747754244084e-03,1.635181984864832465e-04,2.364007042612593783e-06,0.000000000000000000e+00
1.402765951012587266e+03,1.522719037700772169e+05,1.113787255039008772e-01,8.845055428464324576e-01,1.449648030668756972e-04,3.487424879526196918e-04,2.376701299547913598e-04,3.187184185833827951e-03,1.942462667530738094e-04,2.923776105470280632e-06,0.000000000000000000e+00
1.403677593577175458e+03,1.523661454901544785e+05,1.112241158812546232e-01,8.834570306462331546e-01,1.876498784763267760e-04,4.512418205920067375e-04,3.097544465443760500e-04,4.140046412359136077e-03,2.265718022728074421e-04,3.589112267594162908e-06,0.000000000000000000e+00
1.404901352881013281e+03,1.524928222517571994e+05,1.110229331630501748e-01,8.820991184699296106e-01,2.430809740731916101e-04,5.842639787623656565e-04,4.041960331103515414e-04,5.383367113973472166e-03,2.586816784229676236e-04,4.358588677958423265e-06,0.000000000000000000e+00
1.406543404351337585e+03,1.526629889961770677e+05,1.107607555310172048e-01,8.803373463303661994e-01,3.151720805805127592e-04,7.571573955141043793e-04,5.280732253017638963e-04,7.007911478432166628e-03,2.883667430914594828e-04,5.217215696627763195e-06,0.000000000000000000e+00
1.408742791063884624e+03,1.528910971994725987e+05,1.104184863006634487e-01,8.780460050359549795e-01,4.091033998768323467e-04,9.822941284628459221e-04,6.908154180609632402e-04,9.133642038809746191e-03,3.135211812726598963e-04,6.132496898524653603e-06,0.000000000000000000e+00
1.411681458019823367e+03,1.531960101981333864e+05,1.099706817308450657e-01,8.750563892139723299e-01,5.317723317554927777e-04,1.276145712262792813e-03,9.051846052511997032e-04,1.191991822676223556e-02,3.328545736125754564e-04,7.053605538512133990e-06,0.000000000000000000e+00
1.415600477994600851e+03,1.536026513677204493e+05,1.093831301699512426e-01,8.711399863089317464e-01,6.924375560601773527e-04,1.660811727394754340e-03,1.188859109747253829e-03,1.558037063471277676e-02,3.464892010650670573e-04,7.915292136986374637e-06,0.000000000000000000e+00
1.420827604936168427e+03,1.541448166418340115e+05,1.086092368814970122e-01,8.659838453366689448e-01,9.036668314596986353e-04,2.166258901437224244e-03,1.566993501118186909e-03,2.040537245787227630e-02,3.559801066872580848e-04,8.645983259430999417e-06,0.000000000000000000e+00
1.427822687870803748e+03,1.548698134545713838e+05,1.075844706706821363e-01,8.591531146847639633e-01,1.182777698434220922e-03,2.833728720223190316e-03,2.076347384736863550e-03,2.679680026965594250e-02,3.635830011790892749e-04,9.177570324636813288e-06,0.000000000000000000e+00
1.437249302719487559e+03,1.558457452190672047e+05,1.062175851553161243e-01,8.500314134834824342e-01,1.554100385552824575e-03,3.721147588217317906e-03,2.772155979437089263e-03,3.532289270943547027e-02,3.712489245075440000e-04,9.455774051260168027e-06,0.000000000000000000e+00
1.450087428890964020e+03,1.571728799696456408e+05,1.043762679779031977e-01,8.377217308918614158e-01,2.052650691708028576e-03,4.912101706042788785e-03,3.740359460279566155e-03,4.680733073599197686e-02,3.801031274745248758e-04,9.455408738428964024e-06,0.000000000000000000e+00
1.467818587341627563e+03,1.590021645015505492e+05,1.018627213155521571e-01,8.208748810905337479e-01,2.730305678119401488e-03,6.531508849486985201e-03,5.120977213161461220e-03,6.247985053921961685e-02,3.905448587006635740e-04,9.210455225611262014e-06,0.000000000000000000e+00
1.492743742100190047e+03,1.615666794511664775e+05,9.837058231875775438e-02,7.973808892212943533e-01,3.666485695278221425e-03,8.774704312709401266e-03,7.155475247452940633e-03,8.424060997016862007e-02,4.023819538684766592e-04,8.871280470266969297e-06,0.000000000000000000e+00
1.528534799920569640e+03,1.652352881233471271e+05,9.340794181554852582e-02,7.637986362921391770e-01,4.986537318866619828e-03,1.196528069995399582e-02,1.028816322974020030e-02,1.151302070107224351e-01,4.144300981420205804e-04,8.803534886848767029e-06,0.000000000000000000e+00
1.581134418569955869e+03,1.705970427504454856e+05,8.616911103383471937e-02,7.143289282883926727e-01,6.889397008230430455e-03,1.667841079568945992e-02,1.539235424141701183e-02,1.601089338169770782e-01,4.231099034170828594e-04,9.754912041436729695e-06,0.000000000000000000e+00
1.659764510356574647e+03,1.785423704561366176e+05,7.540947970735419059e-02,6.394061374481173621e-01,9.658312569616588766e-03,2.401545833827727419e-02,2.425492132160741651e-02,2.268234058291396238e-01,4.191327821487738736e-04,1.315200373862611006e-05,0.000000000000000000e+00
1.775282394000385239e+03,1.900367864919123531e+05,5.993367979270286527e-02,5.270885654146244548e-01,1.345152767748416557e-02,3.613613466584944534e-02,4.020068290007428741e-02,3.227849585080488914e-01,3.829177044153356116e-04,2.153333680037426047e-05,0.000000000000000000e+00
1.926394407525333691e+03,2.046405160515257448e+05,4.199451394803421778e-02,3.830569536905011896e-01,1.725104918865412451e-02,5.592297354875279403e-02,6.588295949511993599e-02,4.355568176627905297e-01,2.975134665037051950e-04,3.721899964327352159e-05,0.000000000000000000e+00
2.085263328292742244e+03,2.192950457753630180e+05,3.020524186368014896e-02,2.640969236783877183e-01,1.857223683459837543e-02,7.875955131177354851e-02,9.374389572890100275e-02,5.143662936407815689e-01,2.026885375599076606e-04,5.316840431751488271e-05,0.000000000000000000e+00
2.231498749372333805e+03,2.322285582949471427e+05,2.671548716220503022e-02,2.089778115233894840e-01,1.773227511059910153e-02,9.025033320743378051e-02,1.135198079122615167e-01,5.425970014474185144e-01,1.497710860959799138e-04,5.751255059639471786e-05,0.000000000000000000e+00
2.362078993658947638e+03,2.434823551659915247e+05,2.631436833304934969e-02,1.889339950404352875e-01,1.653624544077731892e-02,9.158574867211786985e-02,1.263863548295885986e-01,5.500640322012267935e-01,1.256413634164741451e-04,5.361411938801546358e-05,0.000000000000000000e+00
2.477320702709080251e+03,2.532081451514854562e+05,2.644633950299815975e-02,1.789858398214357604e-01,1.548437390838800290e-02,8.987309108222953091e-02,1.356819175805906719e-01,5.533681560112907460e-01,1.124595141459771918e-04,4.782257892094864550e-05,0.000000000000000000e+00
2.579388871907285647e+03,2.616568202784512832e+05,2.657945909995998793e-02,1.718287342780515647e-01,1.459741557474423038e-02,8.761174418878812931e-02,1.430036756074493653e-01,5.562320340494770754e-01,1.045515471394292722e-04,4.238565438984285221e-05,0.000000000000000000e+00
2.670618075591747584e+03,2.690748293010926573e+05,2.665574362520965745e-02,1.659222964230608333e-01,1.384136770356135179e-02,8.531618641582211504e-02,1.489827766910282181e-01,5.591436586218203608e-01,1.002470548841483372e-04,3.772346461296660066e-05,0.000000000000000000e+00
2.752833595621761560e+03,2.756514109097970068e+05,2.668511657051502242e-02,1.608607335178895703e-01,1.318773187517480877e-02,8.309425844377225923e-02,1.539404587727594420e-01,5.620991047974166488e-01,9.877489570747204637e-05,3.382112676438645682e-05,0.000000000000000000e+00
2.827373240600181362e+03,2.815248302183941705e+05,2.668043617495646780e-02,1.564536782646521185e-01,1.261630175647731125e-02,8.097929613579800401e-02,1.580874868222700014e-01,5.650526055688005478e-01,9.961801302481001130e-05,3.057726402066117763e-05,0.000000000000000000e+00
2.895210498988185918e+03,2.867962655935412040e+05,2.665132984570859481e-02,1.525778352309772601e-01,1.211273560472039476e-02,7.898566559458411462e-02,1.615766413733927265e-01,5.679655423287158778e-01,1.023667811992570725e-04,2.788324070180073948e-05,0.000000000000000000e+00
2.957055677278948679e+03,2.915405986295361072e+05,2.660485766957053702e-02,1.491459704499866479e-01,1.166664293800497021e-02,7.712031819986893411e-02,1.645230530593710105e-01,5.708068477627623594e-01,1.066669985845020461e-04,2.564292185090921619e-05,0.000000000000000000e+00
3.013430311986336619e+03,2.958140639429789153e+05,2.654636933015036906e-02,1.460944999034735348e-01,1.127033123965107825e-02,7.538663263441867934e-02,1.670157672360000900e-01,5.735504277664075223e-01,1.121954932825525739e-04,2.377639661597918535e-05,0.000000000000000000e+00
3.064723898281985839e+03,2.996598246802231879e+05,2.648006028803273279e-02,1.433760286444838994e-01,1.091796324223155354e-02,7.378602009852441856e-02,1.691253772803979483e-01,5.761736830084382976e-01,1.186487290555024443e-04,2.221870883562375543e-05,0.000000000000000000e+00
3.111238513798919030e+03,3.031121489432404633e+05,2.640930497944275063e-02,1.409543011788655376e-01,1.060497195959362454e-02,7.231854226896468341e-02,1.709092055758976436e-01,5.786570170485035858e-01,1.257396708314466901e-04,2.091731790078776241e-05,0.000000000000000000e+00
3.153222689738079680e+03,3.061994569343238836e+05,2.633685444816628515e-02,1.388007137897867005e-01,1.032765482630003569e-02,7.098310591346818077e-02,1.724147908043267841e-01,5.809838510149732960e-01,1.331995999975937059e-04,1.982960298102370291e-05,0.000000000000000000e+00
3.190903081786644634e+03,3.089469846246234374e+05,2.626493825235472548e-02,1.368915308397561370e-01,1.008285010901560294e-02,6.977728482605098648e-02,1.736824372580560993e-01,5.831412540243658960e-01,1.407840536480449087e-04,1.892063675261309523e-05,0.000000000000000000e+00
3.224504619924024155e+03,3.113784546850598999e+05,2.619532549783991013e-02,1.352060763156660572e-01,9.867731295275196032e-03,6.869723233231719850e-02,1.747467979739028288e-01,5.851203958618288459e-01,1.482791938370059295e-04,1.816152933297569363e-05,0.000000000000000000e+00
3.254262344782935998e+03,3.135170678873250145e+05,2.612936413791104584e-02,1.337255423123751008e-01,9.679680225966555765e-03,6.773770207139531707e-02,1.756378789379689498e-01,5.869167968180546424e-01,1.555072753147574696e-04,1.752822101370028369e-05,0.000000000000000000e+00
3.280428452622582427e+03,3.153861148081543506e+05,2.606801347854355300e-02,1.324321571010479981e-01,9.516202710313515986e-03,6.689211657982041537e-02,1.763817822828644966e-01,5.885303972697247810e-01,1.623300565692445136e-04,1.700052111645242238e-05,0.000000000000000000e+00
3.303272778138061312e+03,3.170091089110482135e+05,2.601188075249961928e-02,1.313087695462853699e-01,9.374893860135404336e-03,6.615277334046976154e-02,1.770011836102300395e-01,5.899652880016281742e-01,1.686494694355971833e-04,1.656141931655284711e-05,0.000000000000000000e+00
3.323078287283540249e+03,3.184095711229808512e+05,2.596126838887351934e-02,1.303387367031873245e-01,9.253436962257935092e-03,6.551115798349246844e-02,1.775156878943176808e-01,5.912291102154464406e-01,1.744050653667852350e-04,1.619678705825457400e-05,0.000000000000000000e+00
3.340134324025999831e+03,3.196106666994459811e+05,2.591622753750835034e-02,1.295059722353504861e-01,9.149617653430267006e-03,6.495828768013463261e-02,1.779421482633857521e-01,5.923322844280908273e-01,1.795698188885675795e-04,1.589238321156037398e-05,0.000000000000000000e+00
3.354736449534408166e+03,3.206353105480381055e+05,2.587659224056988033e-02,1.287947310678241586e-01,9.061301231074049556e-03,6.448480865942748941e-02,1.782951091511498498e-01,5.932876695421847035e-01,1.841445783891532942e-04,1.564352938126367795e-05,0.000000000000000000e+00
3.367168080601880774e+03,3.215049935120212031e+05,2.584206376671484631e-02,1.281903231926805053e-01,8.986520869828509145e-03,6.408165340842626734e-02,1.785868223814016387e-01,5.941090179270980265e-01,1.881495102247428850e-04,1.544894362583751799e-05,0.000000000000000000e+00
3.377691789180814794e+03,3.222392937062433921e+05,2.581226779849777470e-02,1.276793881124800856e-01,8.923508848892723611e-03,6.374036176756375793e-02,1.788275129133611030e-01,5.948100657944718206e-01,1.916241665609912028e-04,1.527059817230264963e-05,0.000000000000000000e+00
3.386570985548054068e+03,3.228574823277139803e+05,2.578672236743195442e-02,1.272487516421533793e-01,8.870550389689329032e-03,6.345241781506283374e-02,1.790261447593026467e-01,5.954056773280936854e-01,1.946138911708476490e-04,1.512180709600544908e-05,0.000000000000000000e+00
3.394032464640183207e+03,3.233759990882615675e+05,2.576496763511623711e-02,1.268871661704851772e-01,8.826193542907421682e-03,6.321047357588374660e-02,1.791899157538832943e-01,5.959091088321604168e-01,1.971654445256662634e-04,1.500904503853117595e-05,0.000000000000000000e+00
3.400270627506451092e+03,3.238088270079629729e+05,2.574657691319427733e-02,1.265850466347389625e-01,8.789210758707330026e-03,6.300821796820600673e-02,1.793246570551232655e-01,5.963320549296488027e-01,1.993291305048627642e-04,1.490660987695952609e-05,0.000000000000000000e+00
3.405484982637140547e+03,3.241701447516798507e+05,2.573106256937090358e-02,1.263326281005613116e-01,8.758368461002365504e-03,6.283917764080501622e-02,1.794357586948982786e-01,5.966870231798288016e-01,2.011575026602794333e-04,1.482385087358123533e-05,0.000000000000000000e+00
3.409819571064394040e+03,3.244701715972357197e+05,2.571806694786504463e-02,1.261228734531222029e-01,8.732779115656813529e-03,6.269867544460916431e-02,1.795270521783131623e-01,5.969831002669131470e-01,2.026902200947941143e-04,1.476237342596339659e-05,0.000000000000000000e+00
3.413427357470797688e+03,3.247196632788304123e+05,2.570718198956127229e-02,1.259483373635748860e-01,8.711514336743464773e-03,6.258174556002818467e-02,1.796023063183645740e-01,5.972302235107991297e-01,2.039748629452649102e-04,1.471605798356117220e-05,0.000000000000000000e+00
3.416421054324810484e+03,3.249265320727532962e+05,2.569810278221227109e-02,1.258035374406331897e-01,8.693892005722063387e-03,6.248472609205883710e-02,1.796642699289434653e-01,5.974357587089085264e-01,2.050499921836965655e-04,1.466304933831640840e-05,0.000000000000000000e+00
3.418891852265039233e+03,3.250971597776862327e+05,2.569057648535964453e-02,1.256840510426946167e-01,8.679364113774198572e-03,6.240466182332678191e-02,1.797150504189907461e-01,5.976057253378358469e-01,2.059400742671783685e-04,1.463070375161532466e-05,0.000000000000000000e+00
3.420927724128654063e+03,3.252376793526309193e+05,2.568435323249988397e-02,1.255856095206639711e-01,8.667404161481633701e-03,6.233869598475281354e-02,1.797566630215076400e-01,5.977459933389063229e-01,2.066765520791950339e-04,1.460418810901114508e-05,0.000000000000000000e+00
3.422627547641058300e+03,3.253549538495825836e+05,2.567914197653037994e-02,1.255034249293101589e-01,8.657425775903939899e-03,6.228362207999758177e-02,1.797912495671903088e-01,5.978632619979536988e-01,2.072940251794791184e-04,1.457964793479723985e-05,0.000000000000000000e+00
3.424018325552517581e+03,3.254508728701612563e+05,2.567486779875291503e-02,1.254361867526365137e-01,8.649266538864379406e-03,6.223856269882550168e-02,1.798194471247863135e-01,5.979593147518313945e-01,2.078018669487439389e-04,1.455246735445760273e-05,0.000000000000000000e+00
3.425162969816730310e+03,3.255297932966729859e+05,2.567134307852832198e-02,1.253808518062897448e-01,8.642554712981944526e-03,6.220147987645914534e-02,1.798425789277714737e-01,5.980384387524992906e-01,2.082204345952092753e-04,1.453241087516054550e-05,0.000000000000000000e+00
3.426102979223689999e+03,3.255945887110854965e+05,2.566844376630426569e-02,1.253354123275451371e-01,8.637045171052373099e-03,6.217102853042799637e-02,1.798615204789663080e-01,5.981034648002949705e-01,2.085640225395258868e-04,1.452090286963683864e-05,0.000000000000000000e+00
3.426880374383969411e+03,3.256481643671192578e+05,2.566604278960379210e-02,1.252978350630720716e-01,8.632490309677772616e-03,6.214584593994969958e-02,1.798771512691934027e-01,5.981572743156640115e-01,2.088485694518327511e-04,1.451174338766643902e-05,0.000000000000000000e+00
3.427516401817078076e+03,3.256919901339305798e+05,2.566407625726507130e-02,1.252670923267063530e-01,8.628764815571706229e-03,6.212524355903262935e-02,1.798899153447461319e-01,5.982013204883849244e-01,2.090814278916256820e-04,1.450578040175652710e-05,0.000000000000000000e+00
3.428040993805581820e+03,3.257281331730285310e+05,2.566245281483467769e-02,1.252417352321829880e-01,8.625692620506834191e-03,6.210824983688834067e-02,1.799004385310709608e-01,5.982376644739832994e-01,2.092752723546249143e-04,1.449121817829584143e-05,0.000000000000000000e+00
3.428474141346212946e+03,3.257579720332924626e+05,2.566111135199017693e-02,1.252207998976320458e-01,8.623156571575448306e-03,6.209421993479090351e-02,1.799091070696558492e-01,5.982676830909613441e-01,2.094340169542658866e-04,1.448806644027001595e-05,0.000000000000000000e+00
3.428828473862969986e+03,3.257823792834934429e+05,2.566001330661120752e-02,1.252036741020756405e-01,8.621082293738408994e-03,6.208274296119150465e-02,1.799161922467119035e-01,5.982922463650833800e-01,2.095641160317105269e-04,1.448460855638340894e-05,0.000000000000000000e+00
3.429119731065283304e+03,3.258024406117339968e+05,2.565911028082687104e-02,1.251895963670671130e-01,8.619377402179913619e-03,6.207330837625810172e-02,1.799220174379707327e-01,5.983124417194404243e-01,2.096719903161671571e-04,1.447642594089128500e-05,0.000000000000000000e+00
3.429361890405448776e+03,3.258191192940631299e+05,2.565835917204925890e-02,1.251778915379729851e-01,8.617960021776878074e-03,6.206546391752991443e-02,1.799268602478454881e-01,5.983292358630259988e-01,2.097621322903326887e-04,1.446710750939767940e-05,0.000000000000000000e+00
3.429558604107419796e+03,3.258326665558604873e+05,2.565774879774021869e-02,1.251683847991127418e-01,8.616808891671792064e-03,6.205909316277782167e-02,1.799307806012993838e-01,5.983428802778547606e-01,2.098337258690287648e-04,1.446974367465284086e-05,0.000000000000000000e+00
3.429722676026133286e+03,3.258439660500576720e+05,2.565723957579127065e-02,1.251604542481379589e-01,8.615848693883928350e-03,6.205377806768168358e-02,1.799340604463152415e-01,5.983542621537035755e-01,2.098951231022744767e-04,1.446169138455406886e-05,0.000000000000000000e+00
3.429855411946966797e+03,3.258531066013326054e+05,2.565682750836304968e-02,1.251540394879477325e-01,8.615072048727374227e-03,6.204947936943183695e-02,1.799367036091372718e-01,5.983634710674736734e-01,2.099434718300353887e-04,1.446343708919963937e-05,0.000000000000000000e+00
3.429964705725358272e+03,3.258606326802446856e+05,2.565648814862684854e-02,1.251487575995488821e-01,8.614432591538087602e-03,6.204593979049348451e-02,1.799388797759332304e-01,5.983710542733468030e-01,2.099833534103027978e-04,1.446446710241060986e-05,0.000000000000000000e+00
3.430056306025498088e+03,3.258669398191621876e+05,2.565620368118195008e-02,1.251443316197514422e-01,8.613896762045936129e-03,6.204297407781012713e-02,1.799406965636052569e-01,5.983774101134198276e-01,2.100157927657369280e-04,1.447138942001969797e-05,0.000000000000000000e+00
3.430129838019498038e+03,3.258720039084760938e+05,2.565597530963788231e-02,1.251407763732880485e-01,8.613466393228734475e-03,6.204059095124812157e-02,1.799421736586058196e-01,5.983825129323946390e-01,2.100446492411441870e-04,1.445973235567610463e-05,0.000000000000000000e+00
3.430190382128970214e+03,3.258761721621509641e+05,2.565578723011823284e-02,1.251378517579175564e-01,8.613112339402470563e-03,6.203863158477831985e-02,1.799433676520656999e-01,5.983867143387128218e-01,2.100651912493296076e-04,1.446990575602493947e-05,0.000000000000000000e+00
3.430240108945066822e+03,3.258795968952371040e+05,2.565563277187335803e-02,1.251354471080457220e-01,8.612821266441358231e-03,6.203701954022607795e-02,1.799443695252224695e-01,5.983901654286701843e-01,2.100851645375541191e-04,1.445919498372120758e-05,0.000000000000000000e+00
3.430281091887065486e+03,3.258824185120342299e+05,2.565550544259706869e-02,1.251334671100827467e-01,8.612581579945368868e-03,6.203569290554123566e-02,1.799451800579008609e-01,5.983930096292978673e-01,2.100994374664810586e-04,1.446383716863158297e-05,0.000000000000000000e+00
3.430314726547041573e+03,3.258847346254317090e+05,2.565540094816208885e-02,1.251318412383089496e-01,8.612384774169245041e-03,6.203460318424978970e-02,1.799458525921612539e-01,5.983953439948157538e-01,2.101122255998859236e-04,1.446104253368068514e-05,0.000000000000000000e+00
3.430342593501691681e+03,3.258866538934973651e+05,2.565531437654802738e-02,1.251304934839963245e-01,8.612221642838336147e-03,6.203369959768573194e-02,1.799464154715746111e-01,5.983972781668526197e-01,2.101236530167326414e-04,1.445360748829212646e-05,0.000000000000000000e+00
3.430365292606995808e+03,3.258882163636221667e+05,2.565524383565000177e-02,1.251293974388636987e-01,8.612088960113587974e-03,6.203296546457501975e-02,1.799468592715176840e-01,5.983988535218338622e-01,2.101308289010325519e-04,1.446067854567780665e-05,0.000000000000000000e+00
3.430384052740949755e+03,3.258895081889278954e+05,2.565518554587515113e-02,1.251284905752498844e-01,8.611979190833639330e-03,6.203235764342395625e-02,1.799472344540508084e-01,5.984001556137065192e-01,2.101379830107041923e-04,1.445899385036956164e-05,0.000000000000000000e+00
3.430399720825645545e+03,3.258905867646260886e+05,2.565513685936327698e-02,1.251277338787365190e-01,8.611887587497533622e-03,6.203185085821236178e-02,1.799475419436026014e-01,5.984012431402291332e-01,2.101431208420634984e-04,1.446261151788434431e-05,0.000000000000000000e+00
3.430412249580178468e+03,3.258914500989337103e+05,2.565509793891213031e-02,1.251271269645283235e-01,8.611814143321077850e-03,6.203144345745532223e-02,1.799478031256863120e-01,5.984021127613717850e-01,2.101494326345562961e-04,1.445217609185159515e-05,0.000000000000000000e+00
3.430422578764156242e+03,3.258921607074260246e+05,2.565506582692411372e-02,1.251266289917288832e-01,8.611753853692453303e-03,6.203111023003152896e-02,1.799479985783598301e-01,5.984028295963905730e-01,2.101517611303551681e-04,1.446116174367647223e-05,0.000000000000000000e+00
3.430431051319742437e+03,3.258927448424283066e+05,2.565503951722855613e-02,1.251262179535637120e-01,8.611704117483033258e-03,6.203083414176975563e-02,1.799481802391509622e-01,5.984034177950624533e-01,2.101567690574713502e-04,1.444946668542387186e-05,0.000000000000000000e+00
3.430438042169395885e+03,3.258932258803550503e+05,2.565501778542098391e-02,1.251258807263186945e-01,8.611663291735946468e-03,6.203060840106396773e-02,1.799483141474830794e-01,5.984039029747281191e-01,2.101585818058728503e-04,1.445409144481283326e-05,0.000000000000000000e+00
3.430443785797448527e+03,3.258936208844197681e+05,2.565499992537566276e-02,1.251256040980906759e-01,8.611629797627326152e-03,6.203042340025060469e-02,1.799484205565873851e-01,5.984043015612062755e-01,2.101595476613622694e-04,1.446111320197952441e-05,0.000000000000000000e+00
3.430448499951471604e+03,3.258939456178699620e+05,2.565498527932329534e-02,1.251253759678904454e-01,8.611602187534943623e-03,6.203027039723292557e-02,1.799485168821233771e-01,5.984046287948168175e-01,2.101616452308038678e-04,1.445884584856469721e-05,0.000000000000000000e+00
3.430452434839486159e+03,3.258942171634003171e+05,2.565497306612186598e-02,1.251251845415485842e-01,8.611579030627782710e-03,6.203014160769061702e-02,1.799486056346091267e-01,5.984049020193924484e-01,2.101646080888549205e-04,1.444949192204189385e-05,0.000000000000000000e+00
3.430455625495210825e+03,3.258944363097957103e+05,2.565496313766620767e-02,1.251250314492984017e-01,8.611560487991049354e-03,6.203003945664786745e-02,1.799486599493496930e-01,5.984051233927683011e-01,2.101644487610399275e-04,1.445767751863625013e-05,0.000000000000000000e+00
3.430458276082667908e+03,3.258946182025059825e+05,2.565495488577693509e-02,1.251249045980490360e-01,8.611545120078974505e-03,6.202995494712711805e-02,1.799487023564082799e-01,5.984053072701954745e-01,2.101639221461640891e-04,1.446690021923118704e-05,0.000000000000000000e+00
3.430460402706327386e+03,3.258947651384692290e+05,2.565494828939051536e-02,1.251248007747118307e-01,8.611532564571715634e-03,6.202988495020159837e-02,1.799487533563818020e-01,5.984054549652787491e-01,2.101659642591441617e-04,1.445913520573016516e-05,0.000000000000000000e+00
3.430462159332068040e+03,3.258948866932969540e+05,2.565494284518626128e-02,1.251247146398275223e-01,8.611522152126868321e-03,6.202982672946291687e-02,1.799487985972914317e-01,5.984055769940266334e-01,2.101681024474809432e-04,1.444993963206873176e-05,0.000000000000000000e+00
3.430463622801148176e+03,3.258949867966413149e+05,2.565493828105169447e-02,1.251246452666156528e-01,8.611513740398190134e-03,6.202978078197524808e-02,1.799488164925162337e-01,5.984056784651520244e-01,2.101670112627816505e-04,1.445996102959880785e-05,0.000000000000000000e+00
3.430464801420247113e+03,3.258950683772900375e+05,2.565493462875252997e-02,1.251245874272172709e-01,8.611506748987527923e-03,6.202974166850845628e-02,1.799488472330409705e-01,5.984057603451103935e-01,2.101685020653914289e-04,1.445344631845876920e-05,0.000000000000000000e+00
3.430465781259182222e+03,3.258951356896627694e+05,2.565493158000004340e-02,1.251245403857356997e-01,8.611501051624366812e-03,6.202971026894950335e-02,1.799488641401653100e-01,5.984058283313181681e-01,2.101684862276138063e-04,1.445575598030524836e-05,0.000000000000000000e+00
3.430466586819041822e+03,3.258951905766042764e+05,2.565492897673718464e-02,1.251245022849530042e-01,8.611496398294584548e-03,6.202968505795489890e-02,1.799488748096350621e-01,5.984058837941752529e-01,2.101679786326661242e-04,1.446069961824626931e-05,0.000000000000000000e+00
3.430467235319511019e+03,3.258952357728187344e+05,2.565492700906066986e-02,1.251244700940662702e-01,8.611492501334746391e-03,6.202966292354732819e-02,1.799488956699283326e-01,5.984059289312018137e-01,2.101693894622783587e-04,1.445348139973969243e-05,0.000000000000000000e+00
3.430467788150507204e+03,3.258952734914125758e+05,2.565492528468173508e-02,1.251244441158408105e-01,8.611489345441068061e-03,6.202964576934481139e-02,1.799489007849689459e-01,5.984059672350606762e-01,2.101687404846987563e-04,1.445872417821821558e-05,0.000000000000000000e+00
3.430468241090544780e+03,3.258953046887046075e+05,2.565492387747381892e-02,1.251244222053482791e-01,8.611486693394435413e-03,6.202963107548658400e-02,1.799489099833017913e-01,5.984059986753829108e-01,2.101689341430226711e-04,1.445855547038650069e-05,0.000000000000000000e+00
3.430468603066387914e+03,3.258953300305819721e+05,2.565492276342174957e-02,1.251244037787982433e-01,8.611484481416672998e-03,6.202961861766915358e-02,1.799489239348519565e-01,5.984060240367737871e-01,2.101702001669385005e-04,1.445218690261118892e-05,0.000000000000000000e+00
3.430468923537444880e+03,3.258953513545411988e+05,2.565492174876361081e-02,1.251243898848834746e-01,8.611482774085651645e-03,6.202960968069427122e-02,1.799489180833026558e-01,5.984060459910941487e-01,2.101683895399522129e-04,1.446344763728794312e-05,0.000000000000000000e+00
3.430469161154559970e+03,3.258953680270923069e+05,2.565492101793105661e-02,1.251243777624853615e-01,8.611481313719748787e-03,6.202960130071602518e-02,1.799489281085130954e-01,5.984060625359974850e-01,2.101692456192550914e-04,1.445871501908494862e-05,0.000000000000000000e+00
3.430469364575301825e+03,3.258953821084019728e+05,2.565492038759004806e-02,1.251243677775402963e-01,8.611480106807213597e-03,6.202959454760970104e-02,1.799489334329671120e-01,5.984060766681694732e-01,2.101695057039362053e-04,1.445757361337909147e-05,0.000000000000000000e+00
3.430469532861572588e+03,3.258953936891097692e+05,2.565491986410833522e-02,1.251243596459124530e-01,8.611479124282580763e-03,6.202958915552244518e-02,1.799489365754396442e-01,5.984060883921016316e-01,2.101695693891472000e-04,1.445767324497095938e-05,0.000000000000000000e+00
3.430469662932410756e+03,3.258954025248652324e+05,2.565491927045544102e-02,1.251243591940874589e-01,8.611478390532298008e-03,6.202956495247827218e-02,1.799489782206067090e-01,5.984060800072947828e-01,2.101616029806690805e-04,1.445836156561300171e-05,0.000000000000000000e+00
3.430469769931188694e+03,3.258954105235243915e+05,2.565491914019166209e-02,1.251243471527981044e-01,8.611477621610756986e-03,6.202958031105595960e-02,1.799489500781566997e-01,5.984061048879515399e-01,2.101708997387588681e-04,1.444990849781983063e-05,0.000000000000000000e+00
3.430469871198500186e+03,3.258954171529287123e+05,2.565491881711155428e-02,1.251243429615529756e-01,8.611477106653398980e-03,6.202957778408733913e-02,1.799489462655015637e-01,5.984061118601855522e-01,2.101700911848573556e-04,1.445511372423675684e-05,0.000000000000000000e+00
3.430469960046606047e+03,3.258954227898700628e+05,2.565491852927272512e-02,1.251243396517993101e-01,8.611476695338456805e-03,6.202957596069263307e-02,1.799489398729175738e-01,5.984061179476524162e-01,2.101689395061841648e-04,1.446240282201974527e-05,0.000000000000000000e+00
