1.764798669706714236e+03,3.341332758799165487e+06,1.116161965282767010e-01,8.883820505061778006e-01,5.043992788438117786e-08,2.107170023064245456e-10,2.194294837143157510e-10,1.045804681333450450e-12,1.702075335705389104e-06,1.908959895560475123e-11
1.750490518107538264e+03,3.356402119013441727e+06,1.138911952608788053e-01,8.861048471117890513e-01,1.011975172402582077e-07,9.109813856426696953e-08,1.015363851911934519e-07,5.355179521651744978e-08,3.599383467554591921e-06,1.086002839716641184e-08
1.780182662289436166e+03,3.325345758148964494e+06,1.092220313984217511e-01,8.907721349538680888e-01,1.403058410725828800e-07,1.854498831652313609e-07,2.134407157967625580e-07,2.214073728358521567e-07,5.047997154785116789e-06,2.504674251958385655e-08
1.752782005762855306e+03,3.353939014441786334e+06,1.135213840908310956e-01,8.864699508147859675e-01,2.085856456726953771e-07,3.134461659649008668e-07,3.649566804621224693e-07,5.085516727330550437e-07,7.215973704114156680e-06,5.358051396973303696e-08
1.774010673456348059e+03,3.331692136193482205e+06,1.101736176640914500e-01,8.898155949263599762e-01,2.412052577873292220e-07,4.110168388719596992e-07,4.873595034233648960e-07,9.799173455347347120e-07,8.590749197663079652e-06,7.716140528176255714e-08
1.757536451408651828e+03,3.348893431603712961e+06,1.127609322724250768e-01,8.872255229469936388e-01,3.058730962159133896e-07,5.495843150678752490e-07,6.510086073394754331e-07,1.493196244731772817e-06,1.042819906692388357e-05,1.169192509970601474e-07
1.772261085631613014e+03,3.333484183384047821e+06,1.104439407468354173e-01,8.895400413146644647e-01,3.602598242988027519e-07,6.655796873859419178e-07,7.918657127917513609e-07,2.175558932138612784e-06,1.188040786890536552e-05,1.442664746535039200e-07
1.759434973473449872e+03,3.346870285484353080e+06,1.124576868793339263e-01,8.875230257645772003e-01,4.441907430837092000e-07,8.406847078484583543e-07,1.002146714544373836e-06,2.953399772061778331e-06,1.385160652026555712e-05,1.953276311194539582e-07
1.770053171815003907e+03,3.335754789817959070e+06,1.107863011647313850e-01,8.891913289233199791e-01,5.154159079485219679e-07,9.899200517158066186e-07,1.184274551647986499e-06,3.972103288264157086e-06,1.547722474411159044e-05,2.309734049465725231e-07
1.760386702264849873e+03,3.345846901723112911e+06,1.123051100009822417e-01,8.876686180396847758e-01,6.163927325980673455e-07,1.203441935342399053e-06,1.441999041396349517e-06,5.117014168909366979e-06,1.759825746452223604e-05,2.948539901504977349e-07
1.768183932476852078e+03,3.337680656097492203e+06,1.110768180945957834e-01,8.888931391611559762e-01,7.029767201318713027e-07,1.387807330423061392e-06,1.667675247071960986e-06,6.562584300397359117e-06,1.938046075574249662e-05,3.412398944690986944e-07
1.760939443372383948e+03,3.345248524890901521e+06,1.122160261027453226e-01,8.877493731326874249e-01,8.183981982683687284e-07,1.636952812226135020e-06,1.969852797837984685e-06,8.151163755566465045e-06,2.160632317363479128e-05,4.180738296490091417e-07
1.766695591883109273e+03,3.339219271117247641e+06,1.113086225700972293e-01,8.886523113892913495e-01,9.183386131881585764e-07,1.854193926549946262e-06,2.236542544079090701e-06,1.007854700347992006e-05,2.350261177663673121e-05,4.758067475125551235e-07
1.761265147717061382e+03,3.344897094955781475e+06,1.121632542147036199e-01,8.877924994286605642e-01,1.045013128500420213e-06,2.133152667437787814e-06,2.576324472703425764e-06,1.214936283060645118e-05,2.577820407491767646e-05,5.642994616062832021e-07
1.765522104057998376e+03,3.340440576178852469e+06,1.114918545361466701e-01,8.884587900716265363e-01,1.155646494036980918e-06,2.378317378829373047e-06,2.878072980297912763e-06,1.457187225645264544e-05,2.773876666348196106e-05,6.327164536965453298e-07
1.761444810044142741e+03,3.344709584217218682e+06,1.121340665740721970e-01,8.878108534448647671e-01,1.290015040453880766e-06,2.679517556190077664e-06,3.246304853897995823e-06,1.712242414621122533e-05,3.001106580086438879e-05,7.306536654535418873e-07
1.764595089707907391e+03,3.341416584741346538e+06,1.116371221801898267e-01,8.883021400800349410e-01,1.408251516243076030e-06,2.946001247995340171e-06,3.575035059321043578e-06,2.001267764319971952e-05,3.198755641970602286e-05,8.082178886513248553e-07
1.761527762608277953e+03,3.344635210128095001e+06,1.121207215336861573e-01,8.878123828262085571e-01,1.546709816541678184e-06,3.261181184243385749e-06,3.961589740601482281e-06,2.300253382698568894e-05,3.421072922251487789e-05,9.128963144148390958e-07
1.763935112491120435e+03,3.342124741455053911e+06,1.117410307961329285e-01,8.881859997946920382e-01,1.670290512360519259e-06,3.543058191422923199e-06,4.309617415725831387e-06,2.627050748336578315e-05,3.617957038509076937e-05,9.963651871251952071e-07
1.762272535388465712e+03,3.343867830041471869e+06,1.120028110796780912e-01,8.879178217106707960e-01,1.821175344689295247e-06,3.881951115644724287e-06,4.722352550493355104e-06,2.931505702330618841e-05,3.853402573023614582e-05,1.092647886737639901e-06
1.763911833261197899e+03,3.342153575070571154e+06,1.117438958254495240e-01,8.881701984339754885e-01,1.974308491677760911e-06,4.216224569728100252e-06,5.130096296789837394e-06,3.257727381782628571e-05,4.083683179005527693e-05,1.171005608884236651e-06
1.762456018592102055e+03,3.343678104257913306e+06,1.119728538356607322e-01,8.879340698640245666e-01,2.153172183578178742e-06,4.605141698262777176e-06,5.602797900972152805e-06,3.604673506371359879e-05,4.339754642244518528e-05,1.270907045832051281e-06
1.763729075294972972e+03,3.342348090363088995e+06,1.117716360629733285e-01,8.881277645083498484e-01,2.335048739469668301e-06,4.996762808179278692e-06,6.079404268281676995e-06,3.988286131511023302e-05,4.594603204153499011e-05,1.359319504196160204e-06
1.762539515127701861e+03,3.343595620440647006e+06,1.119586144175249154e-01,8.879325012618385360e-01,2.543256075486557616e-06,5.447241117536332038e-06,6.626898474911798144e-06,4.403282054379336084e-05,4.876354979118570923e-05,1.470554633552696853e-06
1.763552524836694829e+03,3.342540640659734607e+06,1.117984283727198047e-01,8.880839148739867461e-01,2.756852121491086076e-06,5.906990379045153084e-06,7.186321934352819152e-06,4.863300868994024017e-05,5.160067809548130307e-05,1.572902073075136704e-06
1.762588851469115070e+03,3.343554886666314676e+06,1.119498500871930202e-01,8.879228670548965363e-01,2.998366308958763927e-06,6.429505174577973298e-06,7.821407290852696380e-06,5.362606355960314867e-05,5.470951904515140352e-05,1.697996531224063826e-06
1.763397821112231441e+03,3.342717434101628140e+06,1.118219082146937465e-01,8.880405702577321980e-01,3.248218299110385415e-06,6.968020580038347446e-06,8.476561871434417516e-06,5.914750853690280201e-05,5.786490285586698017e-05,1.816315430755685679e-06
1.762617089097657299e+03,3.343544516601178795e+06,1.119445825421322427e-01,8.879067036567678262e-01,3.528023573029493899e-06,7.573757185919376580e-06,9.212822213676816720e-06,6.514672466147809803e-05,6.129520146504668704e-05,1.957272000906007992e-06
1.763263103733524758e+03,3.342882758303545415e+06,1.118424504799999941e-01,8.879968937396046647e-01,3.819487709332583899e-06,8.202880704160045336e-06,9.978093997206487523e-06,7.176329522039559864e-05,6.479848607983934160e-05,2.093536684478341137e-06
1.762629629802027239e+03,3.343561364341944456e+06,1.119420486167958945e-01,8.878842818828380778e-01,4.143342829633582373e-06,8.904505292003449298e-06,1.083091696797052120e-05,7.895616869467821574e-05,6.858208626347223784e-05,2.252480318215990436e-06
1.763145192546686076e+03,3.343042696529768407e+06,1.118606543049300711e-01,8.879517576306433790e-01,4.482565395038126662e-06,9.637734498164025873e-06,1.172270447027230238e-05,8.687071822953488761e-05,7.246547611424311510e-05,2.408865719322405071e-06
1.762630284117353995e+03,3.343604474594313651e+06,1.119417575047968599e-01,8.878555235701021120e-01,4.857065706501635308e-06,1.044972586293284764e-05,1.270967938869441098e-05,9.547716729688320925e-05,7.663712480495302550e-05,2.588162041081044855e-06
1.763041454046043327e+03,3.343203360048439354e+06,1.118770576008801532e-01,8.879040106056984571e-01,5.251087573521880004e-06,1.130251855836308192e-05,1.374676158411909434e-05,1.049281926130319378e-04,8.093612059537199852e-05,2.767112496997065096e-06
1.762622169476414228e+03,3.343674286042066291e+06,1.119433553864075115e-01,8.878201206880788066e-01,5.683794528931273931e-06,1.224148143273758190e-05,1.488805903482462137e-05,1.152070898347072559e-04,8.553408097156176958e-05,2.969419710923370128e-06
1.762949914448455047e+03,3.343370906229320914e+06,1.118921250376463811e-01,8.878524732169444933e-01,6.140700805045983497e-06,1.323159571948045478e-05,1.609200772972977037e-05,1.264756555972401490e-04,9.028808732832453070e-05,3.173698229293157287e-06
1.762607950617162032e+03,3.343772522003497928e+06,1.119465935547506591e-01,8.877775494281521240e-01,6.640311095373397417e-06,1.431663679909202721e-05,1.741083565817739219e-05,1.387324115244560315e-04,9.535480327790729388e-05,3.402018742105832328e-06
1.762869188620232080e+03,3.343551767908850685e+06,1.119062657621142515e-01,8.877959005289109973e-01,7.169421901348779427e-06,1.546455194791397861e-05,1.880652598454700676e-05,1.521505754324572297e-04,1.006078696111980001e-04,3.634764097394164251e-06
1.762589980611092869e+03,3.343902214466346428e+06,1.119513134392945974e-01,8.877270632328972955e-01,7.745982551830844404e-06,1.671775289998438842e-05,2.032970341621642628e-05,1.667465685900213174e-04,1.061908119194535560e-04,3.892508430661988312e-06
1.762798411868025141e+03,3.343752916593344882e+06,1.119198522263130935e-01,8.877329386172567727e-01,8.358096625452834407e-06,1.804720427869133245e-05,2.194596259448889394e-05,1.827079911627260288e-04,1.119925940818455878e-04,4.157307687028603908e-06
1.762570416647615048e+03,3.344067798360951245e+06,1.119574374554598017e-01,8.876676740783979724e-01,9.023281523513869971e-06,1.949422837794192729e-05,2.370465530875178695e-05,2.000725574686997336e-04,1.181453665998967353e-04,4.448376863426664130e-06
1.762736417217902726e+03,3.343980009443109855e+06,1.119332113396634271e-01,8.876622040647477174e-01,9.730925193230062292e-06,2.102975004892826836e-05,2.557376126686735130e-05,2.188731186827477554e-04,1.246279511896076131e-04,4.749089207511853016e-06
1.762551993550649058e+03,3.344233421362718567e+06,1.119627886736950795e-01,8.876017453506308552e-01,1.049670552105309947e-05,2.266109623333524713e-05,2.758844326792117918e-05,2.372733805986394133e-04,1.323722245600569771e-04,5.074125493193344889e-06
1.762803460421765067e+03,3.344036339648187160e+06,1.119237419301123970e-01,8.876077553132796227e-01,1.130287391414518806e-05,2.440169813356319600e-05,2.974611655639433367e-05,2.569018693710392143e-04,1.407436673657992644e-04,5.406531266994617797e-06
1.762669856983602813e+03,3.344246482270332053e+06,1.119454415289217464e-01,8.875505658753267690e-01,1.217314218644027661e-05,2.628953660542418324e-05,3.208577661023599437e-05,2.779816466639684200e-04,1.496947093784918679e-04,5.767784306914251469e-06
1.762881427794897945e+03,3.344103490118632093e+06,1.119129224033108688e-01,8.875452648184444238e-01,1.309549200999193778e-05,2.828801228231385908e-05,3.456615785156694204e-05,3.005946375077252685e-04,1.591288424659767530e-04,6.139636127062761672e-06
1.762785864123386773e+03,3.344287700697336346e+06,1.119289029653539741e-01,8.874887375740989626e-01,1.408964344986331051e-05,3.044669856102699958e-05,3.724646896681278675e-05,3.249000478782042593e-04,1.691339344275915593e-04,6.542667263543399157e-06
1.762963579423012789e+03,3.344195401388421655e+06,1.119020496698030498e-01,8.874723672936322139e-01,1.514492889479259799e-05,3.273482643202475171e-05,4.009238802512189579e-05,3.509819657344265026e-04,1.796688524751785976e-04,6.960075003133132963e-06
1.762898096119349475e+03,3.344364798616860062e+06,1.119136505316175034e-01,8.874144624110168467e-01,1.628022420509338118e-05,3.520060493268950032e-05,4.316115889404313470e-05,3.790057471559363711e-04,1.908289039963083757e-04,7.410418181725844567e-06
1.763049705839190892e+03,3.344317858977790922e+06,1.118913181329124068e-01,8.873874133023683664e-01,1.748676280710590738e-05,3.781817224486158538e-05,4.642410410752198204e-05,4.090742271917852894e-04,2.025864674248617980e-04,7.878830943175389999e-06
1.763008420806245113e+03,3.344481542383056134e+06,1.118995496598548106e-01,8.873263085071151357e-01,1.878298126922656365e-05,4.063420417302686480e-05,4.993696724490838520e-05,4.413702185984772213e-04,2.150351749549441990e-04,8.382286789488006622e-06
1.763139955059655904e+03,3.344476793042417616e+06,1.118808730707542831e-01,8.872885718279037714e-01,2.016207998478434390e-05,4.362766350494076272e-05,5.367681336356776729e-05,4.760219962412775446e-04,2.281587651069179052e-04,8.907783140489619676e-06
1.763118267137600697e+03,3.344642988257637247e+06,1.118865556624440288e-01,8.872225015332927400e-01,2.164233305497140631e-05,4.684431903549157500e-05,5.769869338567466468e-05,5.132358489006456480e-04,2.420506402587972619e-04,9.470969627716682704e-06
1.763234525814983726e+03,3.344679100116966292e+06,1.118708794668027973e-01,8.871737094505478538e-01,2.321900302780287800e-05,5.026812093921865534e-05,6.198569321761411371e-05,5.531712016450782187e-04,2.567064711763508028e-04,1.006059264326143118e-05
1.763228941238271318e+03,3.344855491997214034e+06,1.118746759680288999e-01,8.871008984277468645e-01,2.491052780607778139e-05,5.394468954278596519e-05,6.659311039430874316e-05,5.960644898077767937e-04,2.722215750401009936e-04,1.069121163307125450e-05
1.763333833506457495e+03,3.344932765401219949e+06,1.118615049940749062e-01,8.870403354847461452e-01,2.671440081475623797e-05,5.786328223758438271e-05,7.151051831297478619e-05,6.421134751523438315e-04,2.886046129965185391e-04,1.135323166479118433e-05
1.763341770088069779e+03,3.345126860429113731e+06,1.118639559887015938e-01,8.869589204342019917e-01,2.864962265512228256e-05,6.207027745919368913e-05,7.679459494136444027e-05,6.915933912882702350e-04,3.059553339980544272e-04,1.206035675434468334e-05
1.763438548511969657e+03,3.345247156217170879e+06,1.118529230584033030e-01,8.868855062689073865e-01,3.071618307072265943e-05,6.656076669624278852e-05,8.244213319652404933e-05,7.447499595230796512e-04,3.242970328451867776e-04,1.280459735758639479e-05
1.763458175611337310e+03,3.345466653366303071e+06,1.118544775800684871e-01,8.867934478527913500e-01,3.293414624727280989e-05,7.138300768905565450e-05,8.851260977114248300e-05,8.019087689382891748e-04,3.437369849389799613e-04,1.359904955536760979e-05
1.763549621603848664e+03,3.345633432907706127e+06,1.118453204155213376e-01,8.867056938168377256e-01,3.530639638804594611e-05,7.653873912965485169e-05,9.501113929735753225e-05,8.633765953800342369e-04,3.643155757398815349e-04,1.443732170581081053e-05
1.763579744435190150e+03,3.345886617768604308e+06,1.118463614312174281e-01,8.866006736914358033e-01,3.785470924828138260e-05,8.207953140190531963e-05,1.020018276916543384e-04,9.295450769986991291e-04,3.861515571063194063e-04,1.533217489983169660e-05
1.763668325037697969e+03,3.346105096631309018e+06,1.118389062369604114e-01,8.864966086241634624e-01,4.058544902652430153e-05,8.801498668017642009e-05,1.094997374521989192e-04,1.000800104929960160e-03,4.093059947026592691e-04,1.627886608461370026e-05
1.763708309737105765e+03,3.346401292642071843e+06,1.118397722358125818e-01,8.863759013928008690e-01,4.352296647643159443e-05,9.440187936560007827e-05,1.175760376640604425e-04,1.077621028364033522e-03,4.339143218557948707e-04,1.729013766065463331e-05
1.763796318183650328e+03,3.346678731166934595e+06,1.118339228915383593e-01,8.862529569028873011e-01,4.667796234915965793e-05,1.012594723634120306e-04,1.262581226989042287e-04,1.160498139561689937e-03,4.600634853647460375e-04,1.836302323634016949e-05
1.763846055213482714e+03,3.347028854990366846e+06,1.118349270555076408e-01,8.861132622905125711e-01,5.007854654589374491e-05,1.086523174595025631e-04,1.356275562772599132e-04,1.250028935786557001e-03,4.879126651210051067e-04,1.951063278961796078e-05
1.763935746884850914e+03,3.347375028454251587e+06,1.118306594158778033e-01,8.859681016248022178e-01,5.374101456595743471e-05,1.166119935522033586e-04,1.457275712448677428e-04,1.346844124235797033e-03,5.175822433162462124e-04,2.073201240489694477e-05
1.763995653947839173e+03,3.347792316341381520e+06,1.118321078212917014e-01,8.858053148971343216e-01,5.769890643907163116e-05,1.252144376536082164e-04,1.566548185245049787e-04,1.451702967571081226e-03,5.492650145966495798e-04,2.204113678916604823e-05
1.764089390725606336e+03,3.348220235990602523e+06,1.118294690784376044e-01,8.856335796189624965e-01,6.197598151036679925e-05,1.345075007938226349e-04,1.684735822279041925e-04,1.565428898676457254e-03,5.831258825251205667e-04,2.343945686607539083e-05
1.764160461263329353e+03,3.348721241377253085e+06,1.118316794596650177e-01,8.854424660149655679e-01,6.661363711602875156e-05,1.445837175716963659e-04,1.813024050423726278e-04,1.689006841529757394e-03,6.194054390243617422e-04,2.494248508517661617e-05
1.764260880971104825e+03,3.349248243504991755e+06,1.118307930285833696e-01,8.852383983304576986e-01,7.164592141626961415e-05,1.555131963762027610e-04,1.952345020764694784e-04,1.823530665106184393e-03,6.583296496024016332e-04,2.655470638140811256e-05
1.764344791431300564e+03,3.349854263251865283e+06,1.118341158907119326e-01,8.850121161417043858e-01,7.712572279891867662e-05,1.674128365439324080e-04,2.104204781016185246e-04,1.970306906954517791e-03,7.002078966384905597e-04,2.829412654624916090e-05
1.764455026254773429e+03,3.350503660500714555e+06,1.118351929004759993e-01,8.847679864059728727e-01,8.310174629928623402e-05,1.803842541344356765e-04,2.269946588144997556e-04,2.130818329946815998e-03,7.453524381232162158e-04,3.016926623277370323e-05
1.765045646340746544e+03,3.350706408287849277e+06,1.117619761026744096e-01,8.845829089055637917e-01,8.948387912924804738e-05,1.942373443684417662e-04,2.449508349403345538e-04,2.302479032366813293e-03,7.917553578508905194e-04,3.220854310617059192e-05
1.765875137248650844e+03,3.350699586125507951e+06,1.116519462548393321e-01,8.844226893001073675e-01,9.623155956387651085e-05,2.088749262609407569e-04,2.644331543437794096e-04,2.483440989650432737e-03,8.378836871396856331e-04,3.450012809457530296e-05
1.766495916348541641e+03,3.350995296231964603e+06,1.115775205107348150e-01,8.842079449770358091e-01,1.034407586141839890e-04,2.244703604074471833e-04,2.854785035504349986e-04,2.678105885170329464e-03,8.860308079764243720e-04,3.700819651045983666e-05
1.767352559262447585e+03,3.351134100297728553e+06,1.114691634265664727e-01,8.840090368705088020e-01,1.110596809854180208e-04,2.409462993922133797e-04,3.078708023529082532e-04,2.885956763656410528e-03,9.363149050869328579e-04,3.965125145085819940e-05
1.767980181565566454e+03,3.351583044974908233e+06,1.113985367905980794e-01,8.837508656479290403e-01,1.192367720965403294e-04,2.586512124346723794e-04,3.320256005623908944e-04,3.108671604778141546e-03,9.895014305374265091e-04,4.251094106365470082e-05
1.768852930840543650e+03,3.351871086582817137e+06,1.112925295948373056e-01,8.835068489802609948e-01,1.279189197737553186e-04,2.774241261350815111e-04,3.577849396963230216e-04,3.346706910060202184e-03,1.045268363207266802e-03,4.551816602901757441e-05
1.769484770685598960e+03,3.352490513489212841e+06,1.112260684188591253e-01,8.831973232767497128e-01,1.372900444914659129e-04,2.976973588819775544e-04,3.856956281778829471e-04,3.602631656596788027e-03,1.104509381658055032e-03,4.878423458493642931e-05
1.770379709035440783e+03,3.352948860612221062e+06,1.111219563508838160e-01,8.828993564108430503e-01,1.472918596611070261e-04,3.192939457898109510e-04,4.155979461272524701e-04,3.877360446506787107e-03,1.166911064997965854e-03,5.223197519024102051e-05
1.771023736155007555e+03,3.353766022615654394e+06,1.110591606723889818e-01,8.825277358080793055e-01,1.581587292337275339e-04,3.427651364643002842e-04,4.482011913939562531e-04,4.174364345876663100e-03,1.233612706699649354e-03,5.600140986339553008e-05
1.771952572248042770e+03,3.354426323719682172e+06,1.109561033458165008e-01,8.821633163600214322e-01,1.698332721242997226e-04,3.679258562557373869e-04,4.833533156123861118e-04,4.495135612193209250e-03,1.304328332488704969e-03,6.000390548769638053e-05
1.772620072138738124e+03,3.355480937512448058e+06,1.108963341196369523e-01,8.817142440491693156e-01,1.826207754734836687e-04,3.954890420903104655e-04,5.219862287192339814e-04,4.844395264950330376e-03,1.380514305880656744e-03,6.441621407981199790e-05
1.773597814182632192e+03,3.356389554498009384e+06,1.107933663470999641e-01,8.812652470203629074e-01,1.964742722545245648e-04,4.252771340860438641e-04,5.639838605677565926e-04,5.224563765258723354e-03,1.461949732750006435e-03,6.913786762017009766e-05
1.774303142521758900e+03,3.357739546210844070e+06,1.107359197658733113e-01,8.807162953983759257e-01,2.118010222846784297e-04,4.582316945382593405e-04,6.105985193316900220e-04,5.642224972485287114e-03,1.550533016593143298e-03,7.439561051763114166e-05
1.775349034294548574e+03,3.358964951623125002e+06,1.106319182061539091e-01,8.801558448274278135e-01,2.285828500541590221e-04,4.942163427830798201e-04,6.618084529748250247e-04,6.101359066721784991e-03,1.646191414962090704e-03,8.007883892239443119e-05
1.776110937407051551e+03,3.360696073172988370e+06,1.105759631265739174e-01,8.794733784887668326e-01,2.473803010671547201e-04,5.345112511655489632e-04,7.193494614692812856e-04,6.611457092105615940e-03,1.751474892935331405e-03,8.648538591628468324e-05
1.777657857696460724e+03,3.362157148186311126e+06,1.104199150413704977e-01,8.788185645487639475e-01,2.676366579204727376e-04,5.784565053889492020e-04,7.828779843230005689e-04,7.182388636546759367e-03,1.857047657162039320e-03,9.311296852438064899e-05
1.779360758829573115e+03,3.364253339246967807e+06,1.102753636803294190e-01,8.780875666041249028e-01,2.890438623106214035e-04,6.261922199049082182e-04,8.530952607342504913e-04,7.823004056043364116e-03,1.946074860786237756e-03,9.965945576638054397e-05
1.780500803515506732e+03,3.366935105851816013e+06,1.102119655267923132e-01,8.772339101329220679e-01,3.124682203549333467e-04,6.765890445756262946e-04,9.277245391182172961e-04,8.499162575447286386e-03,2.031648608154513775e-03,1.065313526350040969e-04
1.782131151542420412e+03,3.369361870908485726e+06,1.100805711046346780e-01,8.764020828986580636e-01,3.372554026558080651e-04,7.291842697736730357e-04,1.006326793634595854e-03,9.215311217773152277e-03,2.115775295241777935e-03,1.134930176282477715e-04
1.783210663162384662e+03,3.372537972094427794e+06,1.100359218555924529e-01,8.754115710615288926e-01,3.643108373671035132e-04,7.863106408117940616e-04,1.092043290680581825e-03,9.984516438700878280e-03,2.204188733065275303e-03,1.211371422529156262e-04
1.784921115764704609e+03,3.375460313525445759e+06,1.099073872347706843e-01,8.744341807848367010e-01,3.931339584194911687e-04,8.468199267476213092e-04,1.183670279625554430e-03,1.081086470753133896e-02,2.294959618406294984e-03,1.289834896622776253e-04
1.785999683125472757e+03,3.379293040893981233e+06,1.098786158569380195e-01,8.732522504809150377e-01,4.251641386042287452e-04,9.139625474501719346e-04,1.285614082537801491e-03,1.171291840139975643e-02,2.393662598562480790e-03,1.378118935924700107e-04
1.787866976787413250e+03,3.382870864811100066e+06,1.097467335369317343e-01,8.720685681189344063e-01,4.598235612311411965e-04,9.862397651083998958e-04,1.396381147896058605e-03,1.269819821569492801e-02,2.497072180819198944e-03,1.469834733841394222e-04
1.788983590902521428e+03,3.387591605172043666e+06,1.097328652782575686e-01,8.706109249776237125e-01,4.992811605535504545e-04,1.068429161308958458e-03,1.522612707289502584e-03,1.379579618673062481e-02,2.612494857063957492e-03,1.575956711721198734e-04
1.791613696464913573e+03,3.391405434793682769e+06,1.095037531206334569e-01,8.692200568132334437e-01,5.428427445260716310e-04,1.158582577877664789e-03,1.664118854139608455e-03,1.501054633937808254e-02,2.731256741221869955e-03,1.688428089899582688e-04
1.796899156970698414e+03,3.394310908392624930e+06,1.089470974376293977e-01,8.679849470350330387e-01,5.889893362137003756e-04,1.257476369975226880e-03,1.827796422020828895e-03,1.638858441095570814e-02,2.824777793582326692e-03,1.803311945897313642e-04
1.799223974302632769e+03,3.401716721154481173e+06,1.088887704573034965e-01,8.659376249743170328e-01,6.436487708230280479e-04,1.373926749355675525e-03,2.018949600232136481e-03,1.801168270030639729e-02,2.931115128798856759e-03,1.942816188633369654e-04
1.804668255765644972e+03,3.407958836946245283e+06,1.084457872167152864e-01,8.640973257321588052e-01,7.006955421103815270e-04,1.493867586378281719e-03,2.216941675397518345e-03,1.980257037260019226e-02,3.036461312188160587e-03,2.063505624513931871e-04
1.806676500398186363e+03,3.417873239593228325e+06,1.084887193450988913e-01,8.613861061583302225e-01,7.712909087216950023e-04,1.642489086671655761e-03,2.458985729960899789e-03,2.185733929954043059e-02,3.172397367507939422e-03,2.226721041683425294e-04
1.813006444077522929e+03,3.426760315040336922e+06,1.080262877082683731e-01,8.588728699455129290e-01,8.458578759024015965e-04,1.798539283459220763e-03,2.716596280426798477e-03,2.419440692310952795e-02,3.308546547915749547e-03,2.368954354050249289e-04
1.815650336744710557e+03,3.443056463642740622e+06,1.082676292996666706e-01,8.551692226310493306e-01,9.290141716541073028e-04,1.994148265046444268e-03,3.032194497671634580e-03,2.693547468267190603e-02,3.418970921569228823e-03,2.533455306706572461e-04
1.821397498466552179e+03,3.458376765516173095e+06,1.081483359630203978e-01,8.517790055887618506e-01,1.010907520353300938e-03,2.183915220321048980e-03,3.338164721173062476e-03,2.978349705276378545e-02,3.492268496590697144e-03,2.639054370159205640e-04
1.821758912143795442e+03,3.474394491931697354e+06,1.085503502548691296e-01,8.477174096160685624e-01,1.111377577663969591e-03,2.398994742214640222e-03,3.681879428103300086e-03,3.267125752374210046e-02,3.591829778783782630e-03,2.769010785545549750e-04
1.840504639351051765e+03,3.481931206239962950e+06,1.067530165678482468e-01,8.458858261878218210e-01,1.188736493451944152e-03,2.567644448753280632e-03,3.960008164817817485e-03,3.576572857098619940e-02,3.600461074335170510e-03,2.785784919855816976e-04
1.836062136094860989e+03,3.498976563858225942e+06,1.074935467486183432e-01,8.402944503060404413e-01,1.345520915503135330e-03,2.881859752943016599e-03,4.485856331182580363e-03,3.946054053933290701e-02,3.735446794290366457e-03,3.027786120892481765e-04
1.865882354429072620e+03,3.508734397916231304e+06,1.046520527625003638e-01,8.382139427150813171e-01,1.441857010157725520e-03,3.087592905403334018e-03,4.856592796910797621e-03,4.374156033504261742e-02,3.704762079035956931e-03,3.016393958678765413e-04
1.851708218627808719e+03,3.533936419042687863e+06,1.063583902341242171e-01,8.288642916700614816e-01,1.710245539465298599e-03,3.613518046570273271e-03,5.760830235507522108e-03,4.941257644550665212e-02,3.937305319076442670e-03,3.428425096881286115e-04
1.900917353614262538e+03,3.547535002170896158e+06,1.019081338994308611e-01,8.275424616253294063e-01,1.780941808037422424e-03,3.798737716813961433e-03,6.154832102125325395e-03,5.471392715559253439e-02,3.776562609672387896e-03,3.244030829981307384e-04
1.877039418359570391e+03,3.580193819969890639e+06,1.045262375376606184e-01,8.147628085213649562e-01,2.146614018046132111e-03,4.483665990298807760e-03,7.561545137223550477e-03,6.206397271367961738e-02,4.083885167907412572e-03,3.712709138188861088e-04
1.936582472760888322e+03,3.600208793706867844e+06,9.956341291549299088e-02,8.137204172021879067e-01,2.178646600141129729e-03,4.681756189302365909e-03,7.885778810658527690e-03,6.780978196909248634e-02,3.822232897333743828e-03,3.379734157909036448e-04
1.908097838052034149e+03,3.637645920281371102e+06,1.022796759080866758e-01,7.970045415227856589e-01,2.684816374246429011e-03,5.689434920287432355e-03,9.902458422120657272e-03,7.788915922175729256e-02,4.162572824896167666e-03,3.873408058198154580e-04
1.990696267043408398e+03,3.674801524198424071e+06,9.596513508551374194e-02,7.943332313873645578e-01,2.738668701417122393e-03,5.970507805462838685e-03,1.021091623641980604e-02,8.662566476050390096e-02,3.819749588564193363e-03,3.361264347537658791e-04
1.954957400032568103e+03,3.733248217948857695e+06,9.915178371481947472e-02,7.686250755765279274e-01,3.551433569905643618e-03,7.445980187127120703e-03,1.329451363481376665e-02,1.031922205474587184e-01,4.346725908515969988e-03,3.922668608314195489e-04
2.087650077783988309e+03,3.809493895883945748e+06,9.044784862216090349e-02,7.639753211372037889e-01,3.529712962085889208e-03,7.615131457268141564e-03,1.381745430679076625e-02,1.164023471384560138e-01,3.887301339796573382e-03,3.248830362378685404e-04
2.009431711114491918e+03,3.877271231569407508e+06,9.564340312301983227e-02,7.227034552079754093e-01,4.906795179423209183e-03,1.014347116202108171e-02,2.006490495527132531e-02,1.416027497817524683e-01,4.551355105575671453e-03,3.838654849609912851e-04
2.227417113482016248e+03,3.993643857995549217e+06,8.249342117021127296e-02,7.206731631068233890e-01,4.614745414156636028e-03,1.002646065984896633e-02,1.968304608325352825e-02,1.584550341755638914e-01,3.764353318684275380e-03,2.897760714581953706e-04
2.065002854717690298e+03,3.980396085720328614e+06,8.740181410087757841e-02,6.612014413608172658e-01,7.022295069207149139e-03,1.523346199147010936e-02,3.093578139405836133e-02,1.932272614631800056e-01,4.645525194860384947e-03,3.324194255292451717e-04
2.349225129639232364e+03,4.172073882634041831e+06,7.426436523303087123e-02,6.648926195679024653e-01,6.177526776724394028e-03,1.378853534947592149e-02,2.800935544336011565e-02,2.091223775187740774e-01,3.491476537660718766e-03,2.537435730714212223e-04
2.204637701893864687e+03,4.219130076370915398e+06,7.723112773968889011e-02,5.842859228738153110e-01,9.063174654655814164e-03,2.018646168752544212e-02,4.582946967513812364e-02,2.589770946219688286e-01,4.135414207230027860e-03,2.913345399774763876e-04
