1.199999991638333995e+03,1.013249991195659677e+05,1.119005323820941450e-01,8.880994646969565531e-01,8.211795597954209731e-11,3.489119779536964502e-11,2.749959521439562547e-11,1.847386128896792584e-11,2.756461589903676536e-09,1.504954996678521503e-12,0.000000000000000000e+00
1.199999983416294754e+03,1.013249982384389878e+05,1.119005318739417915e-01,8.880994620973644560e-01,1.639751522986185391e-10,1.261399358738127755e-10,8.232222789620195165e-11,1.120614809576784355e-10,5.540981938934205064e-09,3.212888611541810277e-12,0.000000000000000000e+00
1.199999975386336473e+03,1.013249973609510926e+05,1.119005313292719545e-01,8.880994593360568290e-01,2.482342463968595062e-10,2.611705877451518489e-10,1.503404801292064522e-10,3.139337728422470368e-10,8.354918327017943724e-09,6.073700039659902957e-12,0.000000000000000000e+00
1.199999967580004977e+03,1.013249964892837888e+05,1.119005307437175856e-01,8.880994564067086205e-01,3.364677246746059922e-10,4.317678479419609215e-10,2.281988757966319030e-10,6.435896324436939338e-10,1.119945005528231444e-08,1.009951185046984536e-11,0.000000000000000000e+00
1.199999960023915264e+03,1.013249956249944516e+05,1.119005301131774377e-01,8.880994533003666591e-01,4.298543921452342745e-10,6.328212178900184380e-10,3.149648287571243461e-10,1.117258919532926960e-09,1.407625323524480048e-08,1.530304240002693826e-11,0.000000000000000000e+00
1.199999952743551603e+03,1.013249947693808790e+05,1.119005294335309736e-01,8.880994500059923302e-01,5.293764809138120868e-10,8.613372337052537190e-10,4.104103834570934432e-10,1.750256889439479167e-09,1.698739768695660042e-08,2.169778391050576599e-11,0.000000000000000000e+00
1.199999945764531731e+03,1.013249939236124774e+05,1.119005287005223059e-01,8.880994465107465707e-01,6.359076761027764226e-10,1.115798941821644490e-09,5.146275304315882765e-10,2.557806383499988409e-09,1.993529219314597814e-08,2.929815103121416820e-11,0.000000000000000000e+00
1.199999938516183420e+03,1.013249931265735795e+05,1.119005280656034662e-01,8.880994426442297973e-01,7.502656728951715181e-10,1.395737302326873692e-09,6.279108055734486714e-10,3.555478323115421272e-09,2.292265473667320827e-08,3.811961279009361004e-11,0.000000000000000000e+00
1.199999930323658418e+03,1.013249924238033709e+05,1.119005277074921201e-01,8.880994382069395954e-01,8.732477448585814216e-10,1.701442914952547883e-09,7.507047790645448538e-10,4.759495365354921162e-09,2.595249865607770031e-08,4.817881804399949912e-11,0.000000000000000000e+00
1.199999922396739976e+03,1.013249917417269899e+05,1.119005273128801659e-01,8.880994334895276898e-01,1.005656072534858889e-09,2.033772814231901514e-09,8.835743818311841613e-10,6.186965502126728505e-09,2.902812976554146087e-08,5.949371244990600711e-11,0.000000000000000000e+00
1.199999914757485840e+03,1.013249910820733348e+05,1.119005268787557211e-01,8.880994284704056829e-01,1.148316531156882264e-09,2.394022589584997003e-09,1.027187093892415118e-09,7.856076828500247278e-09,3.215315202591234484e-08,7.208366641255207310e-11,0.000000000000000000e+00
1.199999907429360064e+03,1.013249904466785811e+05,1.119005264019142520e-01,8.880994231261344352e-01,1.302092995735741795e-09,2.783842880782948559e-09,1.182302453477325741e-09,9.786265262031831796e-09,3.533147847971231272e-08,8.596959122005633621e-11,0.000000000000000000e+00
1.199999900437451970e+03,1.013249898375040502e+05,1.119005258789293328e-01,8.880994174313255884e-01,1.467898909476529060e-09,3.205187004031547247e-09,1.349766757355356782e-09,1.199837121927900110e-08,3.856734749519496782e-08,1.011740745688731850e-10,0.000000000000000000e+00
1.199999893808670777e+03,1.013249892566520284e+05,1.119005253061257088e-01,8.880994113585231053e-01,1.646707006646626869e-09,3.660279856190082092e-09,1.530511296430159711e-09,1.451478927709991033e-08,4.186534269019435590e-08,1.177215178351850052e-10,0.000000000000000000e+00
1.199999887571940462e+03,1.013249887063810165e+05,1.119005246795528458e-01,8.880994048780626038e-01,1.839557965671110384e-09,4.151601838859865882e-09,1.725553194767753086e-09,1.735961750152169479e-08,4.523041628606043244e-08,1.356382838591773355e-10,0.000000000000000000e+00
1.199999881758386209e+03,1.013249881891210971e+05,1.119005239949596164e-01,8.880993979579138164e-01,2.047568442633247456e-09,4.681883315673985057e-09,1.935998136643875056e-09,2.055880913752053145e-08,4.866791534004370483e-08,1.549528514459962343e-10,0.000000000000000000e+00
1.199999876401533584e+03,1.013249877074890537e+05,1.119005232477671280e-01,8.880993905635067298e-01,2.271938855878619957e-09,5.254106705079111005e-09,2.163044558751621970e-09,2.414032998292023152e-08,5.218361078288824798e-08,1.756959803446452715e-10,0.000000000000000000e+00
1.199999871537512718e+03,1.013249872643047129e+05,1.119005224330404946e-01,8.880993826575356298e-01,2.513961372785488500e-09,5.871514735066739231e-09,2.407989219329557617e-09,2.813432833996268301e-08,5.578373015951964872e-08,1.979009036654663318e-10,0.000000000000000000e+00
1.199999867205270675e+03,1.013249868626076059e+05,1.119005215454604157e-01,8.880993741997534885e-01,2.775027800572828988e-09,6.537622303087485469e-09,2.672233469600311637e-09,3.257330809065427242e-08,5.947499178904832943e-08,2.216035074907663392e-10,0.000000000000000000e+00
1.199999863446803147e+03,1.013249865056749695e+05,1.119005205792911878e-01,8.880993651467403716e-01,3.056638164531870262e-09,7.256232723355585534e-09,2.957290767987378733e-09,3.749232150460103407e-08,6.326464350426982185e-08,2.468425530484731113e-10,0.000000000000000000e+00
1.199999860307399103e+03,1.013249861970409693e+05,1.119005195283472170e-01,8.880993554516559696e-01,3.360409622934183695e-09,8.031456627075058310e-09,3.264794907814522241e-09,4.292917242497271719e-08,6.716050389546569434e-08,2.736599024195976763e-10,0.000000000000000000e+00
1.199999857835899093e+03,1.013249859405169555e+05,1.119005183859581309e-01,8.880993450639768083e-01,3.688085797416970685e-09,8.867733148555461941e-09,3.596508920382222551e-09,4.892463088406726343e-08,7.117100616011492035e-08,3.021007517721696345e-10,0.000000000000000000e+00
1.199999856084979001e+03,1.013249857402133930e+05,1.119005171449297120e-01,8.880993339292052591e-01,4.041546964454806077e-09,9.769854146036590364e-09,3.954335023970154225e-09,5.552266902209810093e-08,7.530524650855163718e-08,3.322138990008230877e-10,0.000000000000000000e+00
1.199999855111459055e+03,1.013249856005641341e+05,1.119005157975018622e-01,8.880993219885535694e-01,4.422821121643783922e-09,1.074299122613872652e-08,4.340325577474588019e-09,6.277071826465336269e-08,7.957303706887037864e-08,3.640520389891476941e-10,0.000000000000000000e+00
1.199999854976617826e+03,1.013249855263510253e+05,1.119005143353058312e-01,8.880993091786172355e-01,4.834095269339422566e-09,1.179272370719055340e-08,4.756694333403246546e-09,7.071993209641816286e-08,8.398496003674168971e-08,3.976720441065683657e-10,0.000000000000000000e+00
1.199999855746559888e+03,1.013249855227323715e+05,1.119005127493137713e-01,8.880992954309988585e-01,5.277728527146190490e-09,1.292507153277199050e-08,5.205829604615613099e-09,7.942549211099343336e-08,8.855243078899494705e-08,4.331353263174701804e-10,0.000000000000000000e+00
1.199999857492585079e+03,1.013249855952719663e+05,1.119005110297885824e-01,8.880992806719245625e-01,5.756265336266054540e-09,1.414652858535679335e-08,5.690307556241703498e-09,8.894691634556022847e-08,9.328776152134412155e-08,4.705081712974393849e-10,0.000000000000000000e+00
1.199999860291595041e+03,1.013249857499707432e+05,1.119005091662284429e-01,8.880992648218248853e-01,6.272449950927911536e-09,1.546409941462024589e-08,6.212906829422610092e-09,9.934839794255855178e-08,9.820423115972521590e-08,5.098621172525880123e-10,0.000000000000000000e+00
1.199999864226544105e+03,1.013249859933018452e+05,1.119005071473050117e-01,8.880992477948704833e-01,6.829242500149142996e-09,1.688534005891809427e-08,6.776624773566417402e-09,1.106991806634751325e-07,1.033161628845674013e-07,5.512743860349533813e-10,0.000000000000000000e+00
1.199999869386911769e+03,1.013249863322476449e+05,1.119005049607993268e-01,8.880992294984824120e-01,7.429835868925091682e-09,1.841840101605908822e-08,7.384694521341067744e-09,1.230739536675213828e-07,1.086390056428785012e-07,5.948283237846386076e-10,0.000000000000000000e+00
1.199999875869200878e+03,1.013249867743387586e+05,1.119005025935335546e-01,8.880992098328158724e-01,8.077673508901368081e-09,2.007207262605702904e-08,8.040603014257523112e-09,1.365532681023119827e-07,1.141894201630409574e-07,6.406138595078316234e-10,0.000000000000000000e+00
1.199999883777533341e+03,1.013249873277002334e+05,1.119005000312898457e-01,8.880991886901468124e-01,8.776470628660620161e-09,2.185583910827725952e-08,8.748112457434843535e-09,1.512240327768355566e-07,1.199853812703273667e-07,6.887280918943237668e-10,0.000000000000000000e+00
1.199999893224196967e+03,1.013249880010941706e+05,1.119004972587355762e-01,8.880991659543082672e-01,9.530233604436821433e-09,2.377992807345390183e-08,9.511279977759253926e-09,1.671799682874376480e-07,1.260462716428105967e-07,7.392757617534238457e-10,0.000000000000000000e+00
1.199999904330317577e+03,1.013249888039726211e+05,1.119004942593318924e-01,8.880991414999919176e-01,1.034328409138091031e-08,2.585537204791023660e-08,1.033448204647957463e-08,1.845221710963384580e-07,1.323929982198861325e-07,7.923699102407711180e-10,0.000000000000000000e+00
1.199999917226549996e+03,1.013249897465311660e+05,1.119004910152393700e-01,8.880991151920368809e-01,1.122028356563835979e-08,2.809407110565299314e-08,1.122243934193349490e-08,2.033596877366278857e-07,1.390481106909018695e-07,8.481325197759621671e-10,0.000000000000000000e+00
1.199999932053819975e+03,1.013249908397668769e+05,1.119004875072168032e-01,8.880990868846638797e-01,1.216625973385163992e-08,3.050886027313639530e-08,1.218024350710738935e-08,2.238101327307251255e-07,1.460359289767712650e-07,9.066952049253678604e-10,0.000000000000000000e+00
1.199999948964154328e+03,1.013249920955431880e+05,1.119004837145081421e-01,8.880990564206149296e-01,1.318663620458357724e-08,3.311358526475009168e-08,1.321338721414672237e-08,2.460003828347799955e-07,1.533826864270915518e-07,9.682000052837313749e-10,0.000000000000000000e+00
1.199999968121532447e+03,1.013249935266563989e+05,1.119004796147261838e-01,8.880990236302762630e-01,1.428726275593805436e-08,3.592317974236651296e-08,1.432779483659884783e-08,2.700672852781578713e-07,1.611166758677118654e-07,1.032800170260433807e-09,0.000000000000000000e+00
1.199999989702834455e+03,1.013249951469091902e+05,1.119004751837232720e-01,8.880989883307005561e-01,1.547444905307444687e-08,3.895375138316964338e-08,1.552985661968700252e-08,2.961584467328617475e-07,1.692684122544172940e-07,1.100661050019913056e-09,0.000000000000000000e+00
1.200000013898832094e+03,1.013249969711887534e+05,1.119004703954566138e-01,8.880989503245796390e-01,1.675500010025421760e-08,4.222267237590632161e-08,1.682646461198456044e-08,3.244330629064815219e-07,1.778708036480016635e-07,1.171961022284022221e-09,0.000000000000000000e+00
1.200000040915366753e+03,1.013249990155581327e+05,1.119004652218274498e-01,8.880989093990333538e-01,1.813625801154057303e-08,4.574868604774170916e-08,1.822505500148709247e-08,3.550628959732051461e-07,1.869593526271477534e-07,1.246892619948599731e-09,0.000000000000000000e+00
1.200000070974436539e+03,1.013250012973411795e+05,1.119004596325328810e-01,8.880988653244846764e-01,1.962614080664450204e-08,4.955200589602803041e-08,1.973364744539094053e-08,3.882331825081062442e-07,1.965723432653334099e-07,1.325663518400518813e-09,0.000000000000000000e+00
1.200000104315508906e+03,1.013250038352252013e+05,1.119004535948872614e-01,8.880988178533075761e-01,2.123318909685999725e-08,5.365443476157348166e-08,2.136089239789411457e-08,4.241437260269322610e-07,2.067510660981558430e-07,1.408497779835329931e-09,0.000000000000000000e+00
1.200000141196897630e+03,1.013250066493683262e+05,1.119004470736345014e-01,8.880987667184035983e-01,2.296661514130818004e-08,5.807949005162192418e-08,2.311612084679483028e-08,4.630100450573520906e-07,2.175400544223185955e-07,1.495637146155472692e-09,0.000000000000000000e+00
1.200000181897245056e+03,1.013250097615151899e+05,1.119004400307462427e-01,8.880987116316766405e-01,2.483635552739338037e-08,6.285253821329952447e-08,2.500939773045107453e-08,5.050646060786140576e-07,2.289873379549270404e-07,1.587342425712526523e-09,0.000000000000000000e+00
1.200000226717118949e+03,1.013250131951214717e+05,1.119004324252043242e-01,8.880986522823853813e-01,2.685312796312711733e-08,6.800093970207424824e-08,2.705157953059622594e-08,5.505581527502323225e-07,2.411447161811654799e-07,1.683894988769701768e-09,0.000000000000000000e+00
1.200000275980751439e+03,1.013250169754898525e+05,1.119004242127644710e-01,8.880985883353514909e-01,2.902849312315250108e-08,7.355420684918728711e-08,2.925437699677848837e-08,5.997611534767824238e-07,2.540680559081414874e-07,1.785598400065745580e-09,0.000000000000000000e+00
1.200000330037956246e+03,1.013250211299193907e+05,1.119004153456948647e-01,8.880985194289831020e-01,3.137492286058561634e-08,7.954417797723618602e-08,3.163042433356166281e-08,6.529653980218820228e-07,2.678176193265818816e-07,1.892780226358089347e-09,0.000000000000000000e+00
1.200000389266009506e+03,1.013250256878526998e+05,1.119004057725208612e-01,8.880984451733390239e-01,3.390586697422651453e-08,8.600518782443872546e-08,3.419334694259066973e-08,7.104855605036912578e-07,2.824583848134201029e-07,2.005793769417506858e-09,0.000000000000000000e+00
1.200000454071862123e+03,1.013250306810483453e+05,1.119003954377235377e-01,8.880983651478507879e-01,3.663583185177829088e-08,9.297426828278901885e-08,3.695784121447260492e-08,7.726610403706092594e-07,2.980604247600317180e-07,2.125020151722703523e-09,0.000000000000000000e+00
1.200000524894639739e+03,1.013250361437761312e+05,1.119003842814001864e-01,8.880982788987489274e-01,3.958046923302011541e-08,1.004913749662121139e-07,3.993976459464044539e-08,8.398580403278597078e-07,3.146993318901372768e-07,2.250870682093159275e-09,0.000000000000000000e+00
1.200000602207943530e+03,1.013250421129967144e+05,1.119003722389515509e-01,8.880981859366966491e-01,4.275665794717031071e-08,1.085995958375073269e-07,4.315621856099888376e-08,9.124714801812786424e-07,3.324566111852700231e-07,2.383788973639156556e-09,0.000000000000000000e+00
1.200000686522675096e+03,1.013250486285820080e+05,1.119003592406980219e-01,8.880980857338868217e-01,4.618260404049921627e-08,1.173454067767175791e-07,4.662565026334578355e-08,9.909273411562979962e-07,3.514201600929966515e-07,2.524253602965492700e-09,0.000000000000000000e+00
1.200000778390083042e+03,1.013250557335533958e+05,1.119003452114659125e-01,8.880979777209077053e-01,4.987794899571900811e-08,1.267789477989897079e-07,5.036796239659354388e-08,1.075685199855706903e-06,3.716847871839449613e-07,2.672780978605855495e-09,0.000000000000000000e+00
1.200000878404692457e+03,1.013250634743099945e+05,1.119003300701898740e-01,8.880978612837362451e-01,5.386387348076483086e-08,1.369542878513455151e-07,5.440461858987918445e-08,1.167240658032966860e-06,3.933527084816411861e-07,2.829928048143181115e-09,0.000000000000000000e+00
1.200000987208040897e+03,1.013250719009207824e+05,1.119003137294059258e-01,8.880977357599016964e-01,5.816322982977800564e-08,1.479297629481663903e-07,5.875877795473312230e-08,1.266128444961523310e-06,4.165341816838375024e-07,2.996295833413397108e-09,0.000000000000000000e+00
1.200001105492098077e+03,1.013250810673912056e+05,1.119002960947877712e-01,8.880976004349780961e-01,6.280066305943157981e-08,1.597682850277060571e-07,6.345541807711022901e-08,1.372925252140419992e-06,4.413480840120246943e-07,3.172532594501157651e-09,0.000000000000000000e+00
1.200001234003389527e+03,1.013250910319856048e+05,1.119002770645882022e-01,8.880974545383560903e-01,6.780275691392297038e-08,1.725377146893604915e-07,6.852148343795213889e-08,1.488253154127927289e-06,4.679226097431241979e-07,3.359337704189576118e-09,0.000000000000000000e+00
1.200001373547448793e+03,1.013251018575744820e+05,1.119002565290354440e-01,8.880972972386803610e-01,7.319819134906134721e-08,1.863112631168702785e-07,7.398604550273520621e-08,1.612783297709579738e-06,4.963960215877095656e-07,3.557465820636107383e-09,0.000000000000000000e+00
1.200001524993054545e+03,1.013251136119658622e+05,1.119002343697604596e-01,8.880971276395140945e-01,7.901789227950399005e-08,2.011678742331850847e-07,7.988045506666748245e-08,1.747239410876996736e-06,5.269173631270656086e-07,3.767730812640396358e-09,0.000000000000000000e+00
1.200001689277778496e+03,1.013251263683381258e+05,1.119002104590458291e-01,8.880969447736629663e-01,8.529522756513289148e-08,2.171927248737018684e-07,8.623854156347615930e-08,1.892402394547729071e-06,5.596473925834338335e-07,3.991010985615594013e-09,0.000000000000000000e+00
1.200001867413092441e+03,1.013251402056392690e+05,1.119001846591355515e-01,8.880967475979545389e-01,9.206618735205021479e-08,2.344776849951142734e-07,9.309679664396893877e-08,2.049114549364657578e-06,5.947594388885295541e-07,4.228253828131172405e-09,0.000000000000000000e+00
1.200002060490110125e+03,1.013251552090351615e+05,1.119001568214601505e-01,8.880965349873812809e-01,9.936958635304381166e-08,2.531218338637261780e-07,1.004945801400026209e-07,2.218284317063717390e-06,6.324403611235804691e-07,4.480481362674927235e-09,0.000000000000000000e+00
1.200002269686204272e+03,1.013251714704265905e+05,1.119001267857430565e-01,8.880963057283456363e-01,1.072472972156790856e-07,2.732320555699816079e-07,1.084743577043668641e-07,2.400891750694631070e-06,6.728916549978436199e-07,4.748796346201084999e-09,0.000000000000000000e+00
1.200002496271938526e+03,1.013251890889908391e+05,1.119000943790660479e-01,8.880960585115963424e-01,1.157444945821641161e-07,2.949236617975563653e-07,1.170819494848778856e-07,2.597994236752325134e-06,7.163306074374769408e-07,5.034388740421527719e-09,0.000000000000000000e+00
1.200002741617907986e+03,1.013252081717160181e+05,1.119000594149488909e-01,8.880957919252795429e-01,1.249098952263959334e-07,3.183210045350780681e-07,1.263667750575629433e-07,2.810732127502702840e-06,7.629914282933510911e-07,5.338542053696633229e-09,0.000000000000000000e+00
1.200003007202997651e+03,1.013252288340465602e+05,1.119000216922376445e-01,8.880955044465366210e-01,1.347960484300251015e-07,3.435582169838552655e-07,1.363821495593841263e-07,3.040335551155719206e-06,8.131266196854581239e-07,5.662641063591946990e-09,0.000000000000000000e+00
1.200003294623040574e+03,1.013252512005596363e+05,1.118999809939412449e-01,8.880951944327214465e-01,1.454596395619821085e-07,3.707799881089357939e-07,1.471855935137729539e-07,3.288131533713631874e-06,8.670084035540306022e-07,6.008179879732362933e-09,0.000000000000000000e+00
1.200003605600492392e+03,1.013252754057213897e+05,1.118999370859321413e-01,8.880948601115876695e-01,1.569618293338097434e-07,4.001424281899842505e-07,1.588391791942834156e-07,3.555551958812365054e-06,9.249303148084015600e-07,6.376770969533482618e-09,0.000000000000000000e+00
1.200003941993639501e+03,1.013253015946066880e+05,1.118998897157141847e-01,8.880944995719929347e-01,1.693685752799864558e-07,4.318138889178727697e-07,1.714098593900293593e-07,3.844141115219423387e-06,9.872087015587761572e-07,6.770153679774607437e-09,0.000000000000000000e+00
1.200004305807849050e+03,1.013253299237785832e+05,1.118998386109156806e-01,8.880941107525262002e-01,1.827510250967736510e-07,4.659759668304503438e-07,1.849698695434842340e-07,4.155564930159140675e-06,1.054184563029611229e-06,7.190204721213174293e-09,0.000000000000000000e+00
1.200004699207293470e+03,1.013253605622052273e+05,1.118997834777230443e-01,8.880936914296901907e-01,1.971859254390373156e-07,5.028245460950454332e-07,1.995971461263508037e-07,4.491620569337829649e-06,1.126225451943915315e-06,7.638949059055006455e-09,0.000000000000000000e+00
1.200005124527622684e+03,1.013253936922504363e+05,1.118997239991897374e-01,8.880932392051568147e-01,2.127560629780884948e-07,5.425709235151990885e-07,2.153757784099300629e-07,4.854246797707770006e-06,1.203727520680073962e-06,8.118571674261541263e-09,0.000000000000000000e+00
1.200005584289886656e+03,1.013254295107628714e+05,1.118996598333821119e-01,8.880927514917835719e-01,2.295507483060860767e-07,5.854430427598844837e-07,2.323965044777417366e-07,5.245535349700062794e-06,1.287117760154082256e-06,8.631430483981987819e-09,0.000000000000000000e+00
1.200006081215288077e+03,1.013254682302298897e+05,1.118995906114181593e-01,8.880922254988408149e-01,2.476663274708655201e-07,6.316867989495122795e-07,2.507572361724978188e-07,5.667742953896014559e-06,1.376856355979375779e-06,9.180070008899913442e-09,0.000000000000000000e+00
1.200006618240738817e+03,1.013255100799948123e+05,1.118995159354064101e-01,8.880916582164918305e-01,2.672067195205435996e-07,6.815674094360947068e-07,2.705636114891526117e-07,6.123303975408070840e-06,1.473439151667994516e-06,9.767235750384388102e-09,0.000000000000000000e+00
1.200007198536479564e+03,1.013255553076357464e+05,1.118994353761126048e-01,8.880910463982234493e-01,2.882840250954289294e-07,7.353709657032601222e-07,2.919296202959348810e-07,6.614844731738896825e-06,1.577400432205066050e-06,1.039589049893051577e-08,0.000000000000000000e+00
1.200007825524820191e+03,1.013256041804322595e+05,1.118993484704853825e-01,8.880903865422330457e-01,3.110191715201918368e-07,7.934060781613411641e-07,3.149782685084527513e-07,7.145198675209045364e-06,1.689315858379812113e-06,1.106923163943508869e-08,0.000000000000000000e+00
1.200008502900414442e+03,1.013256569869528612e+05,1.118992547189864850e-01,8.880896748713488220e-01,3.355426089141987257e-07,8.560056508531083935e-07,3.398422957116593655e-07,7.717422783813159424e-06,1.809805617551774163e-06,1.179070985234559850e-08,0.000000000000000000e+00
1.200009234652206032e+03,1.013257140387733816e+05,1.118991535827085354e-01,8.880889073113724663e-01,3.619950613788043733e-07,9.235287963768935421e-07,3.666649506235509128e-07,8.334815257879388744e-06,1.939537805554494919e-06,1.256404932592860831e-08,0.000000000000000000e+00
1.200010025087183749e+03,1.013257756723376515e+05,1.118990444802645118e-01,8.880880794677159518e-01,3.905283376512083990e-07,9.963629021701930611e-07,3.956008291795316093e-07,9.000934628039402614e-06,2.079232055242747633e-06,1.339326960492023519e-08,0.000000000000000000e+00
1.200010878856103545e+03,1.013258422509728698e+05,1.118989267844301833e-01,8.880871866001996962e-01,4.213062059630126721e-07,1.074925860176688394e-06,4.268167804238034844e-07,9.719620388625549001e-06,2.229663427950635253e-06,1.428270921148897741e-08,0.000000000000000000e+00
1.200011800981507804e+03,1.013259141670857352e+05,1.118987998184987204e-01,8.880862235957105444e-01,4.545053437081255320e-07,1.159668486880512687e-06,4.604928914175358068e-07,1.049501540854360402e-05,2.391666611088702154e-06,1.523705133311051546e-08,0.000000000000000000e+00
1.200012796888122011e+03,1.013259918445449730e+05,1.118986628523390980e-01,8.880851849386629526e-01,4.903163638899301380e-07,1.251077138638796089e-06,4.968235536682180937e-07,1.133159017008548572e-05,2.566140422513140788e-06,1.626135164168814800e-08,0.000000000000000000e+00
1.200013872434801215e+03,1.013260757411871600e+05,1.118985150982763771e-01,8.880840646801578808e-01,5.289448877103958553e-07,1.349676444013979079e-06,5.360185805118109652e-07,1.223416812285220990e-05,2.754052465631630208e-06,1.736106743890166304e-08,0.000000000000000000e+00
1.200015033950425050e+03,1.013261663516327826e+05,1.118983557064739398e-01,8.880828564034302097e-01,5.706127467199613365e-07,1.456032365881121893e-06,5.783044609830183852e-07,1.320795411257321683e-05,2.956444321773925031e-06,1.854209037971837236e-08,0.000000000000000000e+00
1.200016288272371639e+03,1.013262642103053513e+05,1.118981837600077356e-01,8.880815531870376311e-01,6.155592644587271217e-07,1.570755465362918021e-06,6.239256999616296407e-07,1.425856471874942709e-05,3.174437027019519667e-06,1.981078144994781334e-08,0.000000000000000000e+00
1.200017642788265448e+03,1.013263698947096127e+05,1.118979982695483127e-01,8.880801475651528554e-01,6.640426400233638191e-07,1.694504424685772479e-06,6.731462683857111473e-07,1.539206103439399428e-05,3.409236924869295950e-06,2.117400882227319229e-08,0.000000000000000000e+00
1.200019105481289444e+03,1.013264840289904096e+05,1.118977981676164968e-01,8.880786314847282092e-01,7.163414417610286168e-07,1.827989849685052965e-06,7.262511729221217278e-07,1.661498408903074766e-05,3.662141915531534092e-06,2.263918883634303293e-08,0.000000000000000000e+00
1.200020684979392854e+03,1.013266072877994302e+05,1.118975823023796307e-01,8.880769962592861555e-01,7.727562199686901073e-07,1.971978374384757554e-06,7.835481553537802272e-07,1.793439313344162789e-05,3.934548122847352332e-06,2.421433037061539184e-08,0.000000000000000000e+00
1.200022390608749902e+03,1.013267404004987475e+05,1.118973494309510736e-01,8.880752325190720553e-01,8.336112482059886575e-07,2.127297091902077469e-06,8.453695328848177124e-07,1.935790702345071591e-05,4.227956999911168146e-06,2.590808289767775436e-08,0.000000000000000000e+00
1.200024232451871512e+03,1.013268841557312844e+05,1.118970982121502283e-01,8.880733301572752980e-01,8.992564036297331514e-07,2.294838337925430164e-06,9.120741916073994879e-07,2.089374896074291322e-05,4.543982894259586824e-06,2.772978854124918888e-08,0.000000000000000000e+00
1.200026221410793141e+03,1.013270394063947024e+05,1.118968271986823526e-01,8.880712782720179277e-01,9.700691976200774596e-07,2.475564855163975152e-06,9.840497465149321395e-07,2.255079487118804457e-05,4.884361092983869513e-06,2.968953848183799561e-08,0.000000000000000000e+00
1.200028369275839168e+03,1.013272070750558196e+05,1.118965348286862366e-01,8.880690651037675964e-01,1.046456968911396891e-06,2.670515369515167817e-06,1.061714882710640655e-06,2.433862572587275081e-05,5.250956367261407927e-06,3.179823408963713565e-08,0.000000000000000000e+00
1.200030688800482039e+03,1.013273881598498992e+05,1.118962194166022717e-01,8.880666779678177969e-01,1.128859252464566335e-06,2.880810611242012208e-06,1.145521893853653133e-06,2.626758413707662454e-05,5.645772034486136134e-06,3.406765319772277147e-08,0.000000000000000000e+00
1.200033193782894159e+03,1.013275837409099913e+05,1.118958791432995981e-01,8.880641031814442421e-01,1.217750338433784277e-06,3.107659817223595251e-06,1.235959435426112232e-06,2.834883559111555688e-05,6.070959554338066531e-06,3.651052196633321471e-08,0.000000000000000000e+00
1.200035899154836670e+03,1.013277949873811449e+05,1.118955120454066116e-01,8.880613259853158414e-01,1.313642036784925345e-06,3.352367753325076101e-06,1.333555512096608353e-06,3.059443471225586941e-05,6.528828672596748156e-06,3.914059282982044553e-08,0.000000000000000000e+00
1.200038821078623641e+03,1.013280231650754286e+05,1.118951160037727488e-01,8.880583304587050808e-01,1.417086664459847054e-06,3.616342299243390494e-06,1.438880720353372453e-06,3.301739698794386004e-05,7.021858123323693939e-06,4.197272906300874047e-08,0.000000000000000000e+00
1.200041977052955190e+03,1.013282696448343049e+05,1.118946887309924809e-01,8.880550994280080879e-01,1.528680273409720622e-06,3.901102641712194153e-06,1.552551769652031378e-06,3.563177642450126898e-05,7.552706895827301147e-06,4.502299655199939839e-08,0.000000000000000000e+00
1.200045386028509938e+03,1.013285359116690233e+05,1.118942277579125094e-01,8.880516143680399210e-01,1.649066139404831038e-06,4.208288125856038628e-06,1.675235307643930468e-06,3.845274964581733585e-05,8.124226067666592778e-06,4.830876340755712871e-08,0.000000000000000000e+00
1.200049068534306798e+03,1.013288235747601721e+05,1.118937304190343318e-01,8.880478552955373139e-01,1.778938533227504942e-06,4.539667818663086049e-06,1.807652077593278374e-06,4.149670699459384723e-05,8.739471198414017691e-06,5.184880811587099858e-08,0.000000000000000000e+00
1.200053046815918606e+03,1.013291343784049241e+05,1.118931938367214440e-01,8.880438006542442642e-01,1.919046797759901206e-06,4.897150843226901467e-06,1.950581438961507983e-06,4.478135124863808912e-05,9.401715271127827583e-06,5.566343698390269194e-08,0.000000000000000000e+00
1.200057344986800445e+03,1.013294702140122390e+05,1.118926149041058332e-01,8.880394271909152204e-01,2.070199756499006231e-06,5.282797547357468390e-06,2.104866285258148059e-06,4.832580462158635474e-05,1.011446215875122891e-05,5.977461170195846048e-08,0.000000000000000000e+00
1.200061989194071202e+03,1.013298331332571834e+05,1.118919902665875959e-01,8.880347098215103374e-01,2.233270481296820498e-06,5.698831575706170785e-06,2.271418396779396729e-06,5.215072478148819027e-05,1.088146058120697924e-05,6.420608791753751863e-08,0.000000000000000000e+00
1.200067007800740612e+03,1.013302253625514713e+05,1.118913163017455081e-01,8.880296214863844240e-01,2.409201463992215731e-06,6.147652957285046864e-06,2.451224284577529011e-06,5.627843103026451216e-05,1.170671857015942039e-05,6.898356617767045941e-08,0.000000000000000000e+00
1.200072431585288314e+03,1.013306493189085741e+05,1.118905890976337747e-01,8.880241329944004169e-01,2.599010198072730862e-06,6.631852221726837476e-06,2.645351543810597606e-06,6.073304089429936998e-05,1.259451825473077155e-05,7.413485556697620576e-08,0.000000000000000000e+00
1.200078293959676330e+03,1.013311076272923237e+05,1.118898044294280858e-01,8.880182128558812282e-01,2.803795177380989412e-06,7.154225559592360749e-06,2.854955737603845166e-06,6.554061741143881424e-05,1.354943075660709096e-05,7.969005039583254206e-08,0.000000000000000000e+00
1.200084631210933821e+03,1.013316031398583436e+05,1.118889577338707808e-01,8.880118271004499020e-01,3.024742453718215935e-06,7.717791385263387879e-06,3.081287972950980017e-06,7.072933059526296379e-05,1.457633155074380164e-05,8.568172392188153005e-08,0.000000000000000000e+00
1.200091482766270929e+03,1.013321389570921747e+05,1.118880440816614197e-01,8.880049390810946797e-01,3.263132712514693445e-06,8.325808194857618158e-06,3.325703144303596677e-06,7.632963227626089623e-05,1.568041578030920843e-05,9.214513816008616305e-08,0.000000000000000000e+00
1.200098891485031345e+03,1.013327184511121450e+05,1.118870581475226722e-01,8.879975092626866129e-01,3.520348934500673808e-06,8.981793888398097845e-06,3.589668935471151261e-06,8.237444610437942398e-05,1.686721345862514119e-05,9.911847174825873043e-08,0.000000000000000000e+00
1.200106903980500192e+03,1.013333452913827787e+05,1.118859941777318179e-01,8.879894949936745219e-01,3.797884694763285793e-06,9.689546682669066959e-06,3.874775655948970861e-06,8.889937413515154726e-05,1.814260436024413468e-05,1.066430673572757333e-07,0.000000000000000000e+00
1.200115570974926186e+03,1.013340234731124074e+05,1.118848459548910101e-01,8.879808502595997188e-01,4.097353154749927441e-06,1.045316775119551441e-05,4.182746995311269469e-06,9.594292155090589547e-05,1.951283235947568178e-05,1.147637001986531331e-07,0.000000000000000000e+00
1.200124947691522948e+03,1.013347573486440524e+05,1.118836067596877676e-01,8.879715254169561200e-01,4.420496807965257811e-06,1.127708574027941620e-05,4.515451788197546114e-06,1.035467412257194079e-04,2.098451892718155743e-05,1.235288692496977642e-07,0.000000000000000000e+00
1.200135094287656557e+03,1.013355516621827846e+05,1.118822693293738818e-01,8.879614669057952492e-01,4.769198045804490306e-06,1.216608332373253023e-05,4.874916892213230785e-06,1.117559000164246855e-04,2.256467544238501945e-05,1.329911128676664172e-07,0.000000000000000000e+00
1.200146076333938709e+03,1.013364115882453043e+05,1.118808258126607752e-01,8.879506169393398540e-01,5.145490616292611725e-06,1.312532597416576342e-05,5.263341291910362250e-06,1.206191688554238703e-04,2.426071391383735013e-05,1.432073504939115742e-07,0.000000000000000000e+00
1.200157965344500099e+03,1.013373427742648346e+05,1.118792677207049030e-01,8.879389131687197567e-01,5.551572055427341129e-06,1.416039314534957981e-05,5.683111553891069066e-06,1.301893389340411621e-04,2.608045563715239850e-05,1.542392521453809729e-07,0.000000000000000000e+00
1.200170839369872965e+03,1.013383513882699626e+05,1.118775858731282657e-01,8.879262883156252562e-01,5.989817358614815783e-06,1.527731253687716952e-05,6.136818961724909338e-06,1.405235707849225644e-04,2.803213796455449291e-05,1.661536422968468969e-07,0.000000000000000000e+00
1.200184783644815980e+03,1.013394441710559186e+05,1.118757703404725939e-01,8.879126697840328264e-01,6.462793520857546724e-06,1.648259648529565793e-05,6.627277987109279042e-06,1.516837679559062280e-04,3.012441662138844506e-05,1.790229268543091164e-07,0.000000000000000000e+00
1.200199891304181847e+03,1.013406284939034231e+05,1.118738103819005014e-01,8.878979792429262385e-01,6.973275246464074949e-06,1.778328123652298077e-05,7.157546476259823234e-06,1.637369829683433240e-04,3.236636369864861893e-05,1.929255499500003320e-07,0.000000000000000000e+00
1.200216264188742343e+03,1.013419124235975323e+05,1.118716943759653637e-01,8.878821321647766274e-01,7.524262384523709490e-06,1.918697050070741861e-05,7.730948203873495538e-06,1.767558694534350407e-04,3.476746222458488195e-05,2.079464938407403557e-07,0.000000000000000000e+00
1.200234013734816017e+03,1.013433047942942940e+05,1.118694097458304004e-01,8.878650373310810195e-01,8.118998721182032907e-06,2.070188233540083201e-05,8.351097463205957945e-06,1.908191724186250355e-04,3.733759434421554489e-05,2.241778089038020771e-07,0.000000000000000000e+00
1.200253261962307533e+03,1.013448152874189109e+05,1.118669428777881586e-01,8.878465962975730097e-01,8.760992415183749155e-06,2.233690007068130079e-05,9.021926078564643930e-06,2.060122642677053942e-04,4.008702263174098834e-05,2.417191779615233754e-07,0.000000000000000000e+00
1.200274142572364326e+03,1.013464545205169707e+05,1.118642790324407277e-01,8.878267028156299201e-01,9.454038230230057122e-06,2.410162764874000028e-05,9.747713082456308179e-06,2.224277311305243175e-04,4.302636332604118654e-05,2.606785143641084796e-07,0.000000000000000000e+00
1.200296802167022861e+03,1.013482341460755997e+05,1.118614022478349457e-01,8.878052422060677129e-01,1.020224173300568952e-05,2.600644978794241057e-05,1.053311732288534843e-05,2.401660145210519947e-04,4.616655014306806200e-05,2.811725923009116853e-07,0.000000000000000000e+00
1.200321401617503170e+03,1.013501669624636124e+05,1.118582952322451918e-01,8.877820906699045445e-01,1.101004603912465389e-05,2.806259842907767775e-05,1.138321372186445623e-05,2.593361233897243669e-04,4.951878855568493817e-05,3.033277176384411120e-07,0.000000000000000000e+00
1.200348117573172203e+03,1.013522670364110672e+05,1.118549392485085475e-01,8.877571145518161622e-01,1.188226059701254354e-05,3.028222414569905054e-05,1.230353271388038360e-05,2.800564055223245859e-04,5.309449628434450874e-05,3.272804149072479597e-07,0.000000000000000000e+00
1.200377144102129932e+03,1.013545498363580555e+05,1.118513139918469734e-01,8.877301695720255514e-01,1.282409149351788708e-05,3.267847119045569321e-05,1.330010239693369347e-05,3.024553669758926842e-04,5.690522597001999020e-05,3.531781034209128970e-07,0.000000000000000000e+00
1.200408694567674047e+03,1.013570323849697597e+05,1.118473974500240470e-01,8.877010999468948338e-01,1.384117614615317851e-05,3.526556342405538520e-05,1.437949665378589979e-05,3.266726099257990135e-04,6.096257710673954309e-05,3.811798273801859577e-07,0.000000000000000000e+00
1.200443003690479600e+03,1.013597334269134590e+05,1.118431657529066481e-01,8.876697374522225514e-01,1.493962053434230319e-05,3.805889640523477672e-05,1.554888723221087792e-05,3.528598459130171143e-04,6.527808782027390126e-05,4.114569684530889542e-07,0.000000000000000000e+00
1.200480329835663724e+03,1.013626736150544457e+05,1.118385930079996982e-01,8.876359004062044367e-01,1.612603983583702275e-05,4.107513782247311550e-05,1.681610086813664759e-05,3.811820068586623846e-04,6.986310647174379378e-05,4.441939416554345294e-07,0.000000000000000000e+00
1.200520957616662599e+03,1.013658757224251749e+05,1.118336511128796423e-01,8.875993925087320990e-01,1.740760478572156523e-05,4.433234210970878877e-05,1.818968410719379748e-05,4.118185118277135058e-04,7.472864665005574765e-05,4.795889104827466670e-07,0.000000000000000000e+00
1.200565200593609688e+03,1.013693648623841145e+05,1.118283095704235980e-01,8.875600017264785313e-01,1.879208706766276752e-05,4.785006227983263548e-05,1.967896827551634978e-05,4.449645281752141811e-04,7.988520300359800656e-05,5.178542985780410864e-07,0.000000000000000000e+00
1.200613404406994050e+03,1.013731687440497626e+05,1.118225352697258673e-01,8.875174989570595585e-01,2.028791327699055978e-05,5.164948314059165436e-05,2.129414559351927913e-05,4.808324605640327057e-04,8.534255331569657558e-05,5.592173264033901655e-07,0.000000000000000000e+00
1.200665950208106324e+03,1.013773179520894191e+05,1.118162922494957828e-01,8.874716365965704679e-01,2.190422311481024636e-05,5.575356484536476921e-05,2.304635121154890388e-05,5.196535638839095295e-04,9.110953048103137390e-05,6.039203998742419108e-07,0.000000000000000000e+00
1.200723258500189104e+03,1.013818462599690829e+05,1.118095414325611658e-01,8.874221469307814747e-01,2.365093471800956210e-05,6.018720413772812942e-05,2.494775456922557766e-05,5.616797526331969090e-04,9.719376922773175311e-05,6.522213742158620132e-07,0.000000000000000000e+00
1.200785793230327954e+03,1.013867909639639256e+05,1.118022403492267280e-01,8.873687404783509036e-01,2.553881256037621815e-05,6.497740175093705435e-05,2.701165461759162550e-05,6.071854955189823948e-04,1.036014144786178901e-04,7.043934986631479241e-07,0.000000000000000000e+00
1.200854066268693487e+03,1.013921932487952436e+05,1.117943428348557589e-01,8.873111041814361055e-01,2.757954168102578693e-05,7.015344550235824749e-05,2.925258322613064299e-05,6.564698876175018710e-04,1.103368006103703261e-04,7.607250735293337365e-07,0.000000000000000000e+00
1.200928642431323397e+03,1.013980985973659699e+05,1.117857986858000197e-01,8.872488993321230311e-01,2.978581231120542222e-05,7.574711936025937942e-05,3.168642112744043645e-05,7.098590012033644155e-04,1.174021092342291772e-04,8.215188434264171897e-07,0.000000000000000000e+00
1.201010145068722977e+03,1.014045572463974386e+05,1.117765532719844496e-01,8.871817592243455008e-01,3.217141533315056988e-05,8.179293958488868539e-05,3.433052639308232623e-05,7.677085268029673268e-04,1.247970045255848812e-04,8.870910332155970162e-07,0.000000000000000000e+00
1.201099261717457011e+03,1.014116246477193636e+05,1.117665471556645723e-01,8.871092868772031403e-01,3.475133594594201065e-05,8.832838621321417250e-05,3.720386001488756823e-05,8.304063884208888816e-04,1.325182269577724345e-04,9.577695825450804703e-07,0.000000000000000000e+00
1.201196750520369505e+03,1.014193619914744049e+05,1.117557156430398352e-01,8.870310523095912281e-01,3.754186431079343947e-05,9.539417737521102417e-05,4.032713096927810855e-05,8.983757974258461433e-04,1.405591853119076448e-04,1.033891978674718365e-06,0.000000000000000000e+00
1.201303447245379402e+03,1.014278367775969818e+05,1.117439882849544236e-01,8.869465894794437144e-01,4.056071908513372105e-05,1.030345761090117635e-04,4.372295427020414255e-05,9.720786414664646076e-04,1.489095422347691230e-04,1.115802439243590614e-06,0.000000000000000000e+00
1.201420272713448185e+03,1.014371234202274791e+05,1.117312883421583553e-01,8.868553929891278553e-01,4.382717997059980969e-05,1.112977201217208687e-04,4.741601671823309541e-05,1.052019106688945830e-03,1.575547970009754598e-04,1.203848216218112688e-06,0.000000000000000000e+00
1.201548240408828633e+03,1.014473038665762433e+05,1.117175322315253905e-01,8.867569146589786566e-01,4.736222521778497146e-05,1.202359645547086773e-04,5.143324483360564662e-05,1.138747422800449232e-03,1.664758772763323561e-04,1.298374816007703393e-06,0.000000000000000000e+00
1.201688465048578337e+03,1.014584682922743814e+05,1.117026288742001827e-01,8.866505594124691747e-01,5.118869430073710679e-05,1.299062887884863151e-04,5.580399895910035036e-05,1.232864233449474343e-03,1.756487773077383674e-04,1.399720528054183903e-06,0.000000000000000000e+00
